tau = 2min

t(10^-1 s) Temperature(˚C)
0 	 68.143214 
 1 	 68.321198 
 2 	 67.840641 
 3 	 68.250005 
 4 	 67.822842 
 5 	 68.196609 
 6 	 68.285601 
 7 	 67.805044 
 8 	 68.250005 
 9 	 68.232206 
 10 	 68.285601 
 11 	 68.196609 
 12 	 68.178811 
 13 	 67.751648 
 14 	 68.232206 
 15 	 67.716051 
 16 	 67.698253 
 17 	 68.285601 
 18 	 67.680455 
 19 	 67.662656 
 20 	 68.161012 
 21 	 67.662656 
 22 	 67.662656 
 23 	 68.107617 
 24 	 68.125416 
 25 	 67.609261 
 26 	 67.609261 
 27 	 68.072020 
 28 	 67.591462 
 29 	 67.591462 
 30 	 68.072020 
 31 	 67.555866 
 32 	 67.555866 
 33 	 67.538067 
 34 	 67.520269 
 35 	 67.840641 
 36 	 67.822842 
 37 	 67.911834 
 38 	 67.858439 
 39 	 67.947431 
 40 	 67.894036 
 41 	 67.449075 
 42 	 67.431277 
 43 	 67.431277 
 44 	 67.395680 
 45 	 67.413478 
 46 	 67.858439 
 47 	 67.377881 
 48 	 67.822842 
 49 	 67.840641 
 50 	 67.787245 
 51 	 67.822842 
 52 	 67.698253 
 53 	 67.288889 
 54 	 67.769447 
 55 	 67.288889 
 56 	 67.698253 
 57 	 67.235494 
 58 	 67.680455 
 59 	 67.235494 
 60 	 67.217695 
 61 	 67.217695 
 62 	 67.680455 
 63 	 67.680455 
 64 	 67.199897 
 65 	 67.146502 
 66 	 67.146502 
 67 	 67.627059 
 68 	 67.128703 
 69 	 67.093106 
 70 	 67.075308 
 71 	 67.093106 
 72 	 67.484672 
 73 	 67.039711 
 74 	 67.039711 
 75 	 67.004114 
 76 	 67.004114 
 77 	 67.609261 
 78 	 66.950719 
 79 	 66.950719 
 80 	 67.377881 
 81 	 66.932920 
 82 	 66.932920 
 83 	 67.395680 
 84 	 67.342284 
 85 	 67.306687 
 86 	 66.879525 
 87 	 66.826130 
 88 	 66.826130 
 89 	 67.217695 
 90 	 66.808331 
 91 	 66.790533 
 92 	 66.772735 
 93 	 67.146502 
 94 	 66.754936 
 95 	 66.719339 
 96 	 66.719339 
 97 	 66.701541 
 98 	 67.164300 
 99 	 66.683742 
 100 	 66.932920 
 101 	 66.612549 
 102 	 66.630347 
 103 	 66.612549 
 104 	 66.630347 
 105 	 66.594750 
 106 	 66.559153 
 107 	 66.523556 
 108 	 66.986316 
 109 	 66.986316 
 110 	 66.879525 
 111 	 66.487960 
 112 	 66.968517 
 113 	 66.452363 
 114 	 66.897324 
 115 	 66.398967 
 116 	 66.897324 
 117 	 66.398967 
 118 	 66.790533 
 119 	 66.772735 
 120 	 66.808331 
 121 	 66.648146 
 122 	 66.274378 
 123 	 66.292177 
 124 	 66.256580 
 125 	 66.274378 
 126 	 66.238782 
 127 	 66.683742 
 128 	 66.167588 
 129 	 66.648146 
 130 	 66.167588 
 131 	 66.665944 
 132 	 66.131991 
 133 	 66.612549 
 134 	 66.096394 
 135 	 66.078596 
 136 	 66.523556 
 137 	 66.007402 
 138 	 66.541355 
 139 	 66.025201 
 140 	 65.989604 
 141 	 65.989604 
 142 	 66.416766 
 143 	 66.363371 
 144 	 65.900612 
 145 	 65.918410 
 146 	 65.865015 
 147 	 65.865015 
 148 	 65.847216 
 149 	 65.847216 
 150 	 65.793821 
 151 	 66.398967 
 152 	 66.203185 
 153 	 65.758224 
 154 	 65.722627 
 155 	 65.740426 
 156 	 65.687030 
 157 	 66.167588 
 158 	 66.149790 
 159 	 65.651434 
 160 	 65.651434 
 161 	 66.007402 
 162 	 65.615837 
 163 	 66.042999 
 164 	 66.007402 
 165 	 65.526845 
 166 	 65.829418 
 167 	 65.971805 
 168 	 65.473449 
 169 	 65.420054 
 170 	 65.437852 
 171 	 65.402256 
 172 	 65.420054 
 173 	 65.348860 
 174 	 65.776023 
 175 	 65.313264 
 176 	 65.331062 
 177 	 65.295465 
 178 	 65.740426 
 179 	 65.562441 
 180 	 65.242070 
 181 	 65.224271 
 182 	 65.829418 
 183 	 65.598038 
 184 	 65.153078 
 185 	 65.117481 
 186 	 65.562441 
 187 	 65.598038 
 188 	 65.081884 
 189 	 65.099682 
 190 	 65.046287 
 191 	 65.046287 
 192 	 64.975094 
 193 	 65.010690 
 194 	 64.939497 
 195 	 64.939497 
 196 	 64.921698 
 197 	 64.903900 
 198 	 65.313264 
 199 	 65.313264 
 200 	 64.814908 
 201 	 64.832706 
 202 	 64.797109 
 203 	 64.797109 
 204 	 64.708117 
 205 	 64.743714 
 206 	 65.242070 
 207 	 65.117481 
 208 	 65.117481 
 209 	 65.099682 
 210 	 65.135279 
 211 	 64.636924 
 212 	 64.583528 
 213 	 64.601327 
 214 	 64.530133 
 215 	 65.028489 
 216 	 64.921698 
 217 	 64.494536 
 218 	 64.476738 
 219 	 64.476738 
 220 	 64.423343 
 221 	 64.441141 
 222 	 64.405544 
 223 	 64.850505 
 224 	 64.352149 
 225 	 64.334350 
 226 	 64.316552 
 227 	 64.725916 
 228 	 64.280955 
 229 	 64.245358 
 230 	 64.245358 
 231 	 64.654722 
 232 	 64.191963 
 233 	 64.601327 
 234 	 64.583528 
 235 	 64.102971 
 236 	 64.102971 
 237 	 64.085173 
 238 	 64.067374 
 239 	 64.423343 
 240 	 64.013979 
 241 	 64.476738 
 242 	 63.978382 
 243 	 63.960584 
 244 	 63.924987 
 245 	 64.334350 
 246 	 63.871592 
 247 	 64.316552 
 248 	 64.280955 
 249 	 63.835995 
 250 	 63.871592 
 251 	 64.209762 
 252 	 63.782600 
 253 	 64.209762 
 254 	 64.191963 
 255 	 63.693607 
 256 	 64.138568 
 257 	 64.156366 
 258 	 63.622414 
 259 	 64.085173 
 260 	 63.622414 
 261 	 64.049576 
 262 	 64.013979 
 263 	 63.569019 
 264 	 63.515623 
 265 	 63.480027 
 266 	 63.480027 
 267 	 63.444430 
 268 	 63.907188 
 269 	 63.924987 
 270 	 63.391034 
 271 	 63.391034 
 272 	 63.355438 
 273 	 63.337639 
 274 	 63.302042 
 275 	 63.764801 
 276 	 63.284244 
 277 	 63.711406 
 278 	 63.640212 
 279 	 63.213050 
 280 	 63.213050 
 281 	 63.159655 
 282 	 63.159655 
 283 	 63.497825 
 284 	 63.141857 
 285 	 63.088461 
 286 	 63.052865 
 287 	 63.604615 
 288 	 63.052865 
 289 	 63.035066 
 290 	 62.999469 
 291 	 62.981671 
 292 	 63.444430 
 293 	 62.910477 
 294 	 62.928276 
 295 	 63.408833 
 296 	 63.319841 
 297 	 63.106260 
 298 	 62.839284 
 299 	 62.821485 
 300 	 62.803687 
 301 	 62.785889 
 302 	 62.839284 
 303 	 63.177454 
 304 	 62.732493 
 305 	 62.696897 
 306 	 63.195252 
 307 	 63.141857 
 308 	 63.124058 
 309 	 62.999469 
 310 	 63.124058 
 311 	 62.607904 
 312 	 63.052865 
 313 	 62.554509 
 314 	 62.946074 
 315 	 62.501114 
 316 	 62.483316 
 317 	 62.465517 
 318 	 62.465517 
 319 	 62.946074 
 320 	 62.429920 
 321 	 62.892679 
 322 	 62.358727 
 323 	 62.376525 
 324 	 62.358727 
 325 	 62.839284 
 326 	 62.358727 
 327 	 62.287533 
 328 	 62.696897 
 329 	 62.251936 
 330 	 62.679098 
 331 	 62.643501 
 332 	 62.198541 
 333 	 62.198541 
 334 	 62.180743 
 335 	 62.073952 
 336 	 62.145146 
 337 	 62.127348 
 338 	 62.091751 
 339 	 62.536711 
 340 	 62.536711 
 341 	 62.056154 
 342 	 62.056154 
 343 	 62.002759 
 344 	 62.465517 
 345 	 62.002759 
 346 	 61.984960 
 347 	 61.931565 
 348 	 62.447719 
 349 	 62.358727 
 350 	 61.913767 
 351 	 61.878170 
 352 	 61.860371 
 353 	 62.323130 
 354 	 61.860371 
 355 	 61.824775 
 356 	 61.789178 
 357 	 61.789178 
 358 	 61.771379 
 359 	 61.735783 
 360 	 61.735783 
 361 	 62.091751 
 362 	 61.682387 
 363 	 61.735783 
 364 	 61.700186 
 365 	 62.269735 
 366 	 61.611194 
 367 	 61.628992 
 368 	 61.593395 
 369 	 61.593395 
 370 	 61.628992 
 371 	 61.984960 
 372 	 61.806976 
 373 	 61.522202 
 374 	 61.913767 
 375 	 61.984960 
 376 	 61.486605 
 377 	 61.967162 
 378 	 62.073952 
 379 	 61.451008 
 380 	 61.895968 
 381 	 61.415411 
 382 	 61.397613 
 383 	 61.806976 
 384 	 61.344218 
 385 	 61.344218 
 386 	 61.700186 
 387 	 61.308621 
 388 	 61.540000 
 389 	 61.717984 
 390 	 61.273024 
 391 	 61.682387 
 392 	 61.255226 
 393 	 61.700186 
 394 	 61.219629 
 395 	 61.201831 
 396 	 61.219629 
 397 	 61.557799 
 398 	 61.664589 
 399 	 61.664589 
 400 	 61.646791 
 401 	 61.504403 
 402 	 61.130637 
 403 	 61.077242 
 404 	 61.095040 
 405 	 61.237427 
 406 	 61.059443 
 407 	 61.059443 
 408 	 61.041645 
 409 	 61.023847 
 410 	 61.540000 
 411 	 61.006048 
 412 	 61.308621 
 413 	 61.006048 
 414 	 60.970451 
 415 	 60.952653 
 416 	 60.934855 
 417 	 60.952653 
 418 	 60.934855 
 419 	 61.344218 
 420 	 60.899258 
 421 	 61.397613 
 422 	 60.899258 
 423 	 60.899258 
 424 	 61.326419 
 425 	 60.845863 
 426 	 61.237427 
 427 	 60.845863 
 428 	 61.290823 
 429 	 60.774669 
 430 	 60.774669 
 431 	 61.290823 
 432 	 61.184032 
 433 	 60.756871 
 434 	 61.130637 
 435 	 61.095040 
 436 	 61.006048 
 437 	 60.685677 
 438 	 60.721274 
 439 	 61.237427 
 440 	 60.685677 
 441 	 61.095040 
 442 	 61.095040 
 443 	 60.667879 
 444 	 60.650080 
 445 	 60.650080 
 446 	 60.632282 
 447 	 61.255226 
 448 	 60.650080 
 449 	 60.614483 
 450 	 60.596685 
 451 	 60.614483 
 452 	 60.561088 
 453 	 60.561088 
 454 	 61.006048 
 455 	 60.543290 
 456 	 61.006048 
 457 	 61.023847 
 458 	 60.507693 
 459 	 60.525491 
 460 	 61.006048 
 461 	 60.561088 
 462 	 60.472096 
 463 	 60.454298 
 464 	 60.489895 
 465 	 60.454298 
 466 	 60.489895 
 467 	 60.863661 
 468 	 60.454298 
 469 	 60.863661 
 470 	 60.418701 
 471 	 60.418701 
 472 	 60.561088 
 473 	 60.418701 
 474 	 60.917056 
 475 	 60.400903 
 476 	 60.845863 
 477 	 60.472096 
 478 	 60.881459 
 479 	 60.881459 
 480 	 60.863661 
 481 	 60.845863 
 482 	 60.329709 
 483 	 60.365306 
 484 	 60.347508 
 485 	 60.934855 
 486 	 60.810266 
 487 	 60.329709 
 488 	 60.774669 
 489 	 60.311911 
 490 	 60.276314 
 491 	 60.294112 
 492 	 60.294112 
 493 	 60.721274 
 494 	 60.258516 
 495 	 60.739072 
 496 	 60.205120 
 497 	 60.276314 
 498 	 60.258516 
 499 	 60.240717 
 500 	 60.721274 
 501 	 60.632282 
 502 	 60.614483 
 503 	 60.222919 
 504 	 60.650080 
 505 	 60.222919 
 506 	 60.596685 
 507 	 60.205120 
 508 	 60.187322 
 509 	 60.222919 
 510 	 60.222919 
 511 	 60.098330 
 512 	 60.489895 
 513 	 60.667879 
 514 	 60.187322 
 515 	 60.632282 
 516 	 60.169524 
 517 	 60.169524 
 518 	 60.187322 
 519 	 60.169524 
 520 	 60.151725 
 521 	 60.169524 
 522 	 60.151725 
 523 	 60.151725 
 524 	 60.151725 
 525 	 60.561088 
 526 	 60.578887 
 527 	 60.543290 
 528 	 60.133927 
 529 	 60.133927 
 530 	 60.133927 
 531 	 60.116128 
 532 	 60.614483 
 533 	 60.525491 
 534 	 60.507693 
 535 	 60.044935 
 536 	 60.133927 
 537 	 60.116128 
 538 	 60.116128 
 539 	 60.596685 
 540 	 60.116128 
 541 	 60.098330 
 542 	 60.116128 
 543 	 60.614483 
 544 	 60.543290 
 545 	 60.098330 
 546 	 60.596685 
 547 	 60.133927 
 548 	 60.561088 
 549 	 60.098330 
 550 	 60.116128 
 551 	 60.454298 
 552 	 60.543290 
 553 	 60.561088 
 554 	 60.080532 
 555 	 60.454298 
 556 	 60.578887 
 557 	 60.098330 
 558 	 60.454298 
 559 	 60.080532 
 560 	 60.525491 
 561 	 60.507693 
 562 	 60.080532 
 563 	 60.098330 
 564 	 60.098330 
 565 	 60.383104 
 566 	 60.062733 
 567 	 60.080532 
 568 	 60.578887 
 569 	 60.098330 
 570 	 60.578887 
 571 	 60.080532 
 572 	 60.098330 
 573 	 60.721274 
 574 	 60.543290 
 575 	 60.133927 
 576 	 60.080532 
 577 	 60.080532 
 578 	 60.561088 
 579 	 60.721274 
 580 	 60.098330 
 581 	 60.489895 
 582 	 60.116128 
 583 	 60.596685 
 584 	 60.116128 
 585 	 60.116128 
 586 	 60.507693 
 587 	 60.507693 
 588 	 60.098330 
 589 	 60.116128 
 590 	 60.098330 
 591 	 60.098330 
 592 	 60.578887 
 593 	 60.151725 
 594 	 60.062733 
 595 	 60.151725 
 596 	 60.133927 
 597 	 60.098330 
 598 	 60.578887 
 599 	 60.116128 
 600 	 60.151725 
 601 	 60.543290 
 602 	 60.561088 
 603 	 60.151725 
 604 	 60.133927 
 605 	 60.133927 
 606 	 60.133927 
 607 	 60.578887 
 608 	 60.650080 
 609 	 60.169524 
 610 	 60.151725 
 611 	 60.667879 
 612 	 60.151725 
 613 	 60.169524 
 614 	 60.187322 
 615 	 60.614483 
 616 	 60.187322 
 617 	 60.685677 
 618 	 60.596685 
 619 	 60.187322 
 620 	 60.205120 
 621 	 60.205120 
 622 	 60.187322 
 623 	 60.222919 
 624 	 60.614483 
 625 	 60.187322 
 626 	 60.454298 
 627 	 60.721274 
 628 	 60.205120 
 629 	 60.721274 
 630 	 60.240717 
 631 	 60.721274 
 632 	 60.205120 
 633 	 60.240717 
 634 	 60.222919 
 635 	 60.240717 
 636 	 60.543290 
 637 	 60.240717 
 638 	 60.240717 
 639 	 60.685677 
 640 	 60.240717 
 641 	 60.739072 
 642 	 60.294112 
 643 	 60.294112 
 644 	 60.258516 
 645 	 60.311911 
 646 	 60.205120 
 647 	 60.294112 
 648 	 60.294112 
 649 	 60.276314 
 650 	 60.329709 
 651 	 60.294112 
 652 	 60.311911 
 653 	 60.329709 
 654 	 60.311911 
 655 	 60.294112 
 656 	 60.294112 
 657 	 60.792467 
 658 	 60.329709 
 659 	 60.329709 
 660 	 60.311911 
 661 	 60.792467 
 662 	 60.347508 
 663 	 60.756871 
 664 	 60.347508 
 665 	 60.792467 
 666 	 60.881459 
 667 	 60.365306 
 668 	 60.400903 
 669 	 60.365306 
 670 	 60.863661 
 671 	 60.383104 
 672 	 60.810266 
 673 	 60.418701 
 674 	 60.863661 
 675 	 60.418701 
 676 	 60.418701 
 677 	 60.917056 
 678 	 60.845863 
 679 	 60.436500 
 680 	 60.454298 
 681 	 60.436500 
 682 	 60.472096 
 683 	 60.454298 
 684 	 60.489895 
 685 	 60.863661 
 686 	 60.489895 
 687 	 60.472096 
 688 	 60.507693 
 689 	 60.507693 
 690 	 61.023847 
 691 	 60.525491 
 692 	 61.059443 
 693 	 60.525491 
 694 	 60.543290 
 695 	 60.561088 
 696 	 61.041645 
 697 	 60.578887 
 698 	 60.970451 
 699 	 61.255226 
 700 	 60.596685 
 701 	 60.578887 
 702 	 60.952653 
 703 	 60.596685 
 704 	 60.596685 
 705 	 61.112839 
 706 	 61.059443 
 707 	 60.650080 
 708 	 60.650080 
 709 	 60.685677 
 710 	 60.703475 
 711 	 60.685677 
 712 	 60.703475 
 713 	 60.703475 
 714 	 61.166234 
 715 	 60.739072 
 716 	 60.739072 
 717 	 60.739072 
 718 	 61.184032 
 719 	 60.774669 
 720 	 61.201831 
 721 	 60.792467 
 722 	 60.774669 
 723 	 60.810266 
 724 	 60.792467 
 725 	 61.237427 
 726 	 60.810266 
 727 	 61.237427 
 728 	 60.845863 
 729 	 60.845863 
 730 	 61.023847 
 731 	 60.881459 
 732 	 61.344218 
 733 	 60.934855 
 734 	 60.899258 
 735 	 61.468807 
 736 	 60.917056 
 737 	 61.379815 
 738 	 60.970451 
 739 	 60.970451 
 740 	 61.575597 
 741 	 60.970451 
 742 	 61.433210 
 743 	 60.988250 
 744 	 61.006048 
 745 	 61.006048 
 746 	 61.006048 
 747 	 61.059443 
 748 	 61.041645 
 749 	 61.059443 
 750 	 61.077242 
 751 	 61.451008 
 752 	 61.522202 
 753 	 61.095040 
 754 	 61.112839 
 755 	 61.575597 
 756 	 61.130637 
 757 	 61.646791 
 758 	 61.504403 
 759 	 61.166234 
 760 	 61.646791 
 761 	 61.646791 
 762 	 61.184032 
 763 	 61.201831 
 764 	 61.219629 
 765 	 61.201831 
 766 	 61.237427 
 767 	 61.219629 
 768 	 61.237427 
 769 	 61.255226 
 770 	 61.789178 
 771 	 61.735783 
 772 	 61.735783 
 773 	 61.290823 
 774 	 61.308621 
 775 	 61.326419 
 776 	 61.308621 
 777 	 61.362016 
 778 	 61.824775 
 779 	 61.860371 
 780 	 61.362016 
 781 	 61.379815 
 782 	 61.735783 
 783 	 61.433210 
 784 	 61.415411 
 785 	 61.451008 
 786 	 61.451008 
 787 	 61.433210 
 788 	 61.504403 
 789 	 61.486605 
 790 	 61.504403 
 791 	 61.931565 
 792 	 61.984960 
 793 	 61.557799 
 794 	 62.073952 
 795 	 61.557799 
 796 	 61.575597 
 797 	 61.593395 
 798 	 62.002759 
 799 	 61.611194 
 800 	 62.091751 
 801 	 61.611194 
 802 	 61.611194 
 803 	 62.162944 
 804 	 62.073952 
 805 	 61.664589 
 806 	 62.127348 
 807 	 62.056154 
 808 	 62.234138 
 809 	 61.753581 
 810 	 61.735783 
 811 	 62.216340 
 812 	 62.198541 
 813 	 61.789178 
 814 	 62.216340 
 815 	 61.806976 
 816 	 61.789178 
 817 	 62.323130 
 818 	 61.824775 
 819 	 62.305332 
 820 	 62.358727 
 821 	 62.287533 
 822 	 62.323130 
 823 	 61.895968 
 824 	 61.895968 
 825 	 62.376525 
 826 	 61.913767 
 827 	 62.269735 
 828 	 61.931565 
 829 	 62.465517 
 830 	 61.984960 
 831 	 62.429920 
 832 	 62.002759 
 833 	 62.020557 
 834 	 62.020557 
 835 	 62.056154 
 836 	 62.483316 
 837 	 62.554509 
 838 	 62.073952 
 839 	 62.714695 
 840 	 62.091751 
 841 	 62.109549 
 842 	 62.145146 
 843 	 62.145146 
 844 	 62.554509 
 845 	 62.145146 
 846 	 62.180743 
 847 	 62.162944 
 848 	 62.198541 
 849 	 62.216340 
 850 	 62.198541 
 851 	 62.234138 
 852 	 62.251936 
 853 	 62.234138 
 854 	 62.287533 
 855 	 62.251936 
 856 	 62.910477 
 857 	 62.803687 
 858 	 62.323130 
 859 	 62.323130 
 860 	 62.821485 
 861 	 62.768090 
 862 	 62.803687 
 863 	 62.269735 
 864 	 62.412122 
 865 	 62.714695 
 866 	 62.412122 
 867 	 62.429920 
 868 	 62.963873 
 869 	 62.429920 
 870 	 62.447719 
 871 	 62.483316 
 872 	 62.483316 
 873 	 63.106260 
 874 	 62.501114 
 875 	 62.839284 
 876 	 62.981671 
 877 	 62.554509 
 878 	 62.981671 
 879 	 62.554509 
 880 	 62.536711 
 881 	 62.554509 
 882 	 62.590106 
 883 	 62.590106 
 884 	 62.590106 
 885 	 62.607904 
 886 	 62.607904 
 887 	 62.643501 
 888 	 63.141857 
 889 	 62.679098 
 890 	 62.696897 
 891 	 62.696897 
 892 	 63.159655 
 893 	 63.106260 
 894 	 62.714695 
 895 	 62.714695 
 896 	 62.750292 
 897 	 63.159655 
 898 	 63.195252 
 899 	 62.768090 
 900 	 62.768090 
 901 	 62.785889 
 902 	 63.230849 
 903 	 62.785889 
 904 	 63.302042 
 905 	 62.803687 
 906 	 63.248647 
 907 	 62.874881 
 908 	 63.497825 
 909 	 62.874881 
 910 	 62.874881 
 911 	 62.874881 
 912 	 62.892679 
 913 	 63.355438 
 914 	 63.355438 
 915 	 62.946074 
 916 	 62.928276 
 917 	 63.373236 
 918 	 63.391034 
 919 	 62.928276 
 920 	 62.981671 
 921 	 63.408833 
 922 	 62.999469 
 923 	 63.017268 
 924 	 63.017268 
 925 	 62.981671 
 926 	 63.052865 
 927 	 62.999469 
 928 	 63.035066 
 929 	 63.035066 
 930 	 63.035066 
 931 	 63.035066 
 932 	 63.070663 
 933 	 63.052865 
 934 	 63.070663 
 935 	 63.604615 
 936 	 63.497825 
 937 	 63.070663 
 938 	 63.480027 
 939 	 63.569019 
 940 	 63.124058 
 941 	 63.124058 
 942 	 63.586817 
 943 	 63.159655 
 944 	 63.604615 
 945 	 63.177454 
 946 	 63.675809 
 947 	 63.675809 
 948 	 63.177454 
 949 	 63.195252 
 950 	 63.195252 
 951 	 63.213050 
 952 	 63.213050 
 953 	 63.230849 
 954 	 63.569019 
 955 	 63.622414 
 956 	 63.551220 
 957 	 63.551220 
 958 	 63.248647 
 959 	 63.764801 
 960 	 63.230849 
 961 	 63.266446 
 962 	 63.266446 
 963 	 63.782600 
 964 	 63.284244 
 965 	 63.266446 
 966 	 63.782600 
 967 	 63.284244 
 968 	 63.302042 
 969 	 63.711406 
 970 	 63.302042 
 971 	 63.408833 
 972 	 63.302042 
 973 	 63.319841 
 974 	 63.319841 
 975 	 63.319841 
 976 	 63.853793 
 977 	 63.355438 
 978 	 63.996181 
 979 	 63.835995 
 980 	 63.319841 
 981 	 63.782600 
 982 	 63.871592 
 983 	 63.355438 
 984 	 63.373236 
 985 	 63.373236 
 986 	 63.373236 
 987 	 63.373236 
 988 	 63.391034 
 989 	 63.907188 
 990 	 63.391034 
 991 	 63.853793 
 992 	 63.391034 
 993 	 63.391034 
 994 	 63.408833 
 995 	 63.408833 
 996 	 63.924987 
 997 	 63.426631 
 998 	 63.408833 
 999 	 63.408833 
 1000 	 63.426631 
 1001 	 63.444430 
 1002 	 63.408833 
 1003 	 64.049576 
 1004 	 63.426631 
 1005 	 63.444430 
 1006 	 63.426631 
 1007 	 63.408833 
 1008 	 63.960584 
 1009 	 63.426631 
 1010 	 63.462228 
 1011 	 63.426631 
 1012 	 64.067374 
 1013 	 63.462228 
 1014 	 63.942785 
 1015 	 63.462228 
 1016 	 63.889390 
 1017 	 63.924987 
 1018 	 63.835995 
 1019 	 63.426631 
 1020 	 63.942785 
 1021 	 63.693607 
 1022 	 63.462228 
 1023 	 63.942785 
 1024 	 63.462228 
 1025 	 63.373236 
 1026 	 63.942785 
 1027 	 63.462228 
 1028 	 63.462228 
 1029 	 63.426631 
 1030 	 63.818196 
 1031 	 63.907188 
 1032 	 63.462228 
 1033 	 63.942785 
 1034 	 63.444430 
 1035 	 63.462228 
 1036 	 63.907188 
 1037 	 63.444430 
 1038 	 63.462228 
 1039 	 63.871592 
 1040 	 63.426631 
 1041 	 63.444430 
 1042 	 63.426631 
 1043 	 63.444430 
 1044 	 63.960584 
 1045 	 63.853793 
 1046 	 63.444430 
 1047 	 63.889390 
 1048 	 63.462228 
 1049 	 63.907188 
 1050 	 63.408833 
 1051 	 63.444430 
 1052 	 63.408833 
 1053 	 63.426631 
 1054 	 63.426631 
 1055 	 63.444430 
 1056 	 63.391034 
 1057 	 63.764801 
 1058 	 63.391034 
 1059 	 63.924987 
 1060 	 63.835995 
 1061 	 63.853793 
 1062 	 63.444430 
 1063 	 63.408833 
 1064 	 63.391034 
 1065 	 63.871592 
 1066 	 63.408833 
 1067 	 63.782600 
 1068 	 63.373236 
 1069 	 63.266446 
 1070 	 63.835995 
 1071 	 63.355438 
 1072 	 63.373236 
 1073 	 63.355438 
 1074 	 63.853793 
 1075 	 63.978382 
 1076 	 63.337639 
 1077 	 63.355438 
 1078 	 63.764801 
 1079 	 63.337639 
 1080 	 63.818196 
 1081 	 63.319841 
 1082 	 63.782600 
 1083 	 63.782600 
 1084 	 63.302042 
 1085 	 63.319841 
 1086 	 63.319841 
 1087 	 63.782600 
 1088 	 63.302042 
 1089 	 63.782600 
 1090 	 63.266446 
 1091 	 63.266446 
 1092 	 63.747003 
 1093 	 63.551220 
 1094 	 63.658011 
 1095 	 63.711406 
 1096 	 63.248647 
 1097 	 63.711406 
 1098 	 63.230849 
 1099 	 63.711406 
 1100 	 63.586817 
 1101 	 63.230849 
 1102 	 63.177454 
 1103 	 63.177454 
 1104 	 63.604615 
 1105 	 63.159655 
 1106 	 63.195252 
 1107 	 63.159655 
 1108 	 63.195252 
 1109 	 63.159655 
 1110 	 63.622414 
 1111 	 63.569019 
 1112 	 63.141857 
 1113 	 63.124058 
 1114 	 63.088461 
 1115 	 63.088461 
 1116 	 63.533422 
 1117 	 63.088461 
 1118 	 63.533422 
 1119 	 63.569019 
 1120 	 63.586817 
 1121 	 63.088461 
 1122 	 63.052865 
 1123 	 63.088461 
 1124 	 63.035066 
 1125 	 63.497825 
 1126 	 63.017268 
 1127 	 63.017268 
 1128 	 63.497825 
 1129 	 63.017268 
 1130 	 62.999469 
 1131 	 63.426631 
 1132 	 63.355438 
 1133 	 63.426631 
 1134 	 62.946074 
 1135 	 62.928276 
 1136 	 62.910477 
 1137 	 62.910477 
 1138 	 62.928276 
 1139 	 62.892679 
 1140 	 63.355438 
 1141 	 63.337639 
 1142 	 62.892679 
 1143 	 63.284244 
 1144 	 62.874881 
 1145 	 62.839284 
 1146 	 63.337639 
 1147 	 62.821485 
 1148 	 63.266446 
 1149 	 63.284244 
 1150 	 62.803687 
 1151 	 63.213050 
 1152 	 62.768090 
 1153 	 62.750292 
 1154 	 63.195252 
 1155 	 62.679098 
 1156 	 62.732493 
 1157 	 62.714695 
 1158 	 62.661300 
 1159 	 62.696897 
 1160 	 62.590106 
 1161 	 62.696897 
 1162 	 62.661300 
 1163 	 62.643501 
 1164 	 62.661300 
 1165 	 63.106260 
 1166 	 63.070663 
 1167 	 63.017268 
 1168 	 62.590106 
 1169 	 62.590106 
 1170 	 62.554509 
 1171 	 62.554509 
 1172 	 62.536711 
 1173 	 63.017268 
 1174 	 62.501114 
 1175 	 62.483316 
 1176 	 62.518912 
 1177 	 62.483316 
 1178 	 62.465517 
 1179 	 62.465517 
 1180 	 62.447719 
 1181 	 62.394324 
 1182 	 62.412122 
 1183 	 62.785889 
 1184 	 62.358727 
 1185 	 62.323130 
 1186 	 62.376525 
 1187 	 62.376525 
 1188 	 62.803687 
 1189 	 62.323130 
 1190 	 62.305332 
 1191 	 62.323130 
 1192 	 62.732493 
 1193 	 62.696897 
 1194 	 62.251936 
 1195 	 62.234138 
 1196 	 62.198541 
 1197 	 62.661300 
 1198 	 62.679098 
 1199 	 62.661300 
 1200 	 62.625703 
 1201 	 62.127348 
 1202 	 62.572308 
 1203 	 62.607904 
 1204 	 62.091751 
 1205 	 62.501114 
 1206 	 62.572308 
 1207 	 62.536711 
 1208 	 62.661300 
 1209 	 62.020557 
 1210 	 62.394324 
 1211 	 61.984960 
 1212 	 61.949363 
 1213 	 61.967162 
 1214 	 62.376525 
 1215 	 61.949363 
 1216 	 61.913767 
 1217 	 61.895968 
 1218 	 61.895968 
 1219 	 61.789178 
 1220 	 61.860371 
 1221 	 62.287533 
 1222 	 61.824775 
 1223 	 61.824775 
 1224 	 62.287533 
 1225 	 62.269735 
 1226 	 61.753581 
 1227 	 62.198541 
 1228 	 61.753581 
 1229 	 61.717984 
 1230 	 61.700186 
 1231 	 61.682387 
 1232 	 61.646791 
 1233 	 61.628992 
 1234 	 61.646791 
 1235 	 61.611194 
 1236 	 61.611194 
 1237 	 61.575597 
 1238 	 61.557799 
 1239 	 61.575597 
 1240 	 61.557799 
 1241 	 61.522202 
 1242 	 61.486605 
 1243 	 61.486605 
 1244 	 61.931565 
 1245 	 61.451008 
 1246 	 61.931565 
 1247 	 61.913767 
 1248 	 61.415411 
 1249 	 61.379815 
 1250 	 61.753581 
 1251 	 61.326419 
 1252 	 61.344218 
 1253 	 61.789178 
 1254 	 61.753581 
 1255 	 61.290823 
 1256 	 61.646791 
 1257 	 61.273024 
 1258 	 61.700186 
 1259 	 61.237427 
 1260 	 61.095040 
 1261 	 61.184032 
 1262 	 61.166234 
 1263 	 61.628992 
 1264 	 61.130637 
 1265 	 61.112839 
 1266 	 61.095040 
 1267 	 61.077242 
 1268 	 61.557799 
 1269 	 61.023847 
 1270 	 61.433210 
 1271 	 61.041645 
 1272 	 60.988250 
 1273 	 60.952653 
 1274 	 61.433210 
 1275 	 60.899258 
 1276 	 61.379815 
 1277 	 60.899258 
 1278 	 61.273024 
 1279 	 60.845863 
 1280 	 60.828064 
 1281 	 60.828064 
 1282 	 60.792467 
 1283 	 60.828064 
 1284 	 61.095040 
 1285 	 61.201831 
 1286 	 60.721274 
 1287 	 60.721274 
 1288 	 60.685677 
 1289 	 60.667879 
 1290 	 61.112839 
 1291 	 60.988250 
 1292 	 60.614483 
 1293 	 60.614483 
 1294 	 61.006048 
 1295 	 61.006048 
 1296 	 61.023847 
 1297 	 60.507693 
 1298 	 60.988250 
 1299 	 60.881459 
 1300 	 60.454298 
 1301 	 60.934855 
 1302 	 60.934855 
 1303 	 60.400903 
 1304 	 60.383104 
 1305 	 60.365306 
 1306 	 60.329709 
 1307 	 60.311911 
 1308 	 60.294112 
 1309 	 60.845863 
 1310 	 60.756871 
 1311 	 60.222919 
 1312 	 60.721274 
 1313 	 60.685677 
 1314 	 60.650080 
 1315 	 60.169524 
 1316 	 60.222919 
 1317 	 60.578887 
 1318 	 60.098330 
 1319 	 60.080532 
 1320 	 60.062733 
 1321 	 60.489895 
 1322 	 60.009338 
 1323 	 60.400903 
 1324 	 59.991540 
 1325 	 60.400903 
 1326 	 59.955943 
 1327 	 59.920346 
 1328 	 60.311911 
 1329 	 59.866951 
 1330 	 60.276314 
 1331 	 60.258516 
 1332 	 59.795757 
 1333 	 59.795757 
 1334 	 59.760161 
 1335 	 59.777959 
 1336 	 59.849153 
 1337 	 60.205120 
 1338 	 59.688967 
 1339 	 59.671169 
 1340 	 60.098330 
 1341 	 59.635572 
 1342 	 59.920346 
 1343 	 59.599975 
 1344 	 59.564378 
 1345 	 59.938144 
 1346 	 59.973741 
 1347 	 59.493185 
 1348 	 59.493185 
 1349 	 59.439790 
 1350 	 59.920346 
 1351 	 59.421991 
 1352 	 59.884749 
 1353 	 59.368596 
 1354 	 59.938144 
 1355 	 59.315201 
 1356 	 59.315201 
 1357 	 59.279604 
 1358 	 59.261806 
 1359 	 59.742362 
 1360 	 59.208410 
 1361 	 59.190612 
 1362 	 59.155015 
 1363 	 59.155015 
 1364 	 59.119419 
 1365 	 59.510983 
 1366 	 59.083822 
 1367 	 58.941435 
 1368 	 59.030427 
 1369 	 59.510983 
 1370 	 59.439790 
 1371 	 58.959233 
 1372 	 59.599975 
 1373 	 58.941435 
 1374 	 59.279604 
 1375 	 58.905838 
 1376 	 59.226209 
 1377 	 58.870241 
 1378 	 58.852443 
 1379 	 59.297402 
 1380 	 58.799048 
 1381 	 58.763451 
 1382 	 58.656660 
 1383 	 58.692257 
 1384 	 59.172814 
 1385 	 58.656660 
 1386 	 58.656660 
 1387 	 58.977031 
 1388 	 58.638862 
 1389 	 58.585467 
 1390 	 59.048225 
 1391 	 58.514273 
 1392 	 58.496475 
 1393 	 58.994830 
 1394 	 58.460878 
 1395 	 58.443080 
 1396 	 58.834644 
 1397 	 58.371886 
 1398 	 58.389685 
 1399 	 58.371886 
 1400 	 58.727854 
 1401 	 58.336290 
 1402 	 58.282894 
 1403 	 58.265096 
 1404 	 58.443080 
 1405 	 58.229499 
 1406 	 58.211701 
 1407 	 58.176104 
 1408 	 58.603265 
 1409 	 58.140507 
 1410 	 58.087112 
 1411 	 58.567669 
 1412 	 58.567669 
 1413 	 58.051515 
 1414 	 58.015919 
 1415 	 57.998120 
 1416 	 57.962524 
 1417 	 57.944725 
 1418 	 58.265096 
 1419 	 58.318491 
 1420 	 58.389685 
 1421 	 58.318491 
 1422 	 57.855733 
 1423 	 57.784540 
 1424 	 57.766741 
 1425 	 58.140507 
 1426 	 58.265096 
 1427 	 58.176104 
 1428 	 58.158306 
 1429 	 58.158306 
 1430 	 57.659951 
 1431 	 58.015919 
 1432 	 57.962524 
 1433 	 57.588758 
 1434 	 57.570959 
 1435 	 58.015919 
 1436 	 57.517564 
 1437 	 57.998120 
 1438 	 57.962524 
 1439 	 57.553161 
 1440 	 57.428572 
 1441 	 57.410774 
 1442 	 57.873532 
 1443 	 57.357379 
 1444 	 57.321782 
 1445 	 57.339580 
 1446 	 57.303983 
 1447 	 57.695548 
 1448 	 57.659951 
 1449 	 57.214992 
 1450 	 57.179395 
 1451 	 57.179395 
 1452 	 57.197193 
 1453 	 57.143798 
 1454 	 57.108201 
 1455 	 57.108201 
 1456 	 57.072605 
 1457 	 57.659951 
 1458 	 57.001411 
 1459 	 57.392975 
 1460 	 57.481967 
 1461 	 56.983613 
 1462 	 56.930218 
 1463 	 57.321782 
 1464 	 56.912419 
 1465 	 57.303983 
 1466 	 56.859024 
 1467 	 56.859024 
 1468 	 56.805629 
 1469 	 57.250588 
 1470 	 57.197193 
 1471 	 57.375177 
 1472 	 56.734435 
 1473 	 56.716637 
 1474 	 56.681040 
 1475 	 56.645444 
 1476 	 56.663242 
 1477 	 56.609847 
 1478 	 56.574250 
 1479 	 56.574250 
 1480 	 56.556452 
 1481 	 57.037008 
 1482 	 56.538653 
 1483 	 56.485258 
 1484 	 56.485258 
 1485 	 56.467460 
 1486 	 56.449661 
 1487 	 56.414065 
 1488 	 56.859024 
 1489 	 56.681040 
 1490 	 56.360670 
 1491 	 56.325073 
 1492 	 56.289476 
 1493 	 56.307274 
 1494 	 56.752234 
 1495 	 56.253879 
 1496 	 56.609847 
 1497 	 56.503057 
 1498 	 56.698839 
 1499 	 56.182686 
 1500 	 56.147089 
 1501 	 56.627645 
 1502 	 56.111492 
 1503 	 56.538653 
 1504 	 56.040299 
 1505 	 56.058097 
 1506 	 56.663242 
 1507 	 56.040299 
 1508 	 55.986904 
 1509 	 56.431863 
 1510 	 55.969105 
 1511 	 55.933509 
 1512 	 55.915710 
 1513 	 55.897912 
 1514 	 56.307274 
 1515 	 55.862315 
 1516 	 55.844517 
 1517 	 55.808920 
 1518 	 56.289476 
 1519 	 55.755525 
 1520 	 55.755525 
 1521 	 55.773323 
 1522 	 55.737727 
 1523 	 55.719928 
 1524 	 55.702130 
 1525 	 56.022501 
 1526 	 56.093694 
 1527 	 56.022501 
 1528 	 55.595340 
 1529 	 55.613138 
 1530 	 55.559743 
 1531 	 55.541945 
 1532 	 55.541945 
 1533 	 55.506348 
 1534 	 55.986904 
 1535 	 55.506348 
 1536 	 55.470751 
 1537 	 55.452953 
 1538 	 55.417356 
 1539 	 55.862315 
 1540 	 55.862315 
 1541 	 55.862315 
 1542 	 55.363961 
 1543 	 55.346163 
 1544 	 55.346163 
 1545 	 55.346163 
 1546 	 55.310566 
 1547 	 55.702130 
 1548 	 55.274969 
 1549 	 55.239372 
 1550 	 55.221574 
 1551 	 55.630936 
 1552 	 55.221574 
 1553 	 55.185977 
 1554 	 55.185977 
 1555 	 55.595340 
 1556 	 55.150380 
 1557 	 55.114784 
 1558 	 55.470751 
 1559 	 55.079187 
 1560 	 55.079187 
 1561 	 55.096985 
 1562 	 55.043590 
 1563 	 55.043590 
 1564 	 55.025792 
 1565 	 55.007994 
 1566 	 54.972397 
 1567 	 54.972397 
 1568 	 55.417356 
 1569 	 54.901203 
 1570 	 54.954598 
 1571 	 54.883405 
 1572 	 54.919002 
 1573 	 55.310566 
 1574 	 55.221574 
 1575 	 54.847808 
 1576 	 55.239372 
 1577 	 54.794413 
 1578 	 54.812212 
 1579 	 55.203776 
 1580 	 54.794413 
 1581 	 54.758816 
 1582 	 55.096985 
 1583 	 54.741018 
 1584 	 54.705421 
 1585 	 54.705421 
 1586 	 54.669825 
 1587 	 54.687623 
 1588 	 54.669825 
 1589 	 55.079187 
 1590 	 54.652026 
 1591 	 55.061389 
 1592 	 54.616430 
 1593 	 55.043590 
 1594 	 55.007994 
 1595 	 54.616430 
 1596 	 54.580833 
 1597 	 54.563034 
 1598 	 54.563034 
 1599 	 54.509639 
 1600 	 54.527438 
 1601 	 54.491841 
 1602 	 54.491841 
 1603 	 54.474043 
 1604 	 54.474043 
 1605 	 54.367252 
 1606 	 54.794413 
 1607 	 54.420648 
 1608 	 54.420648 
 1609 	 54.420648 
 1610 	 54.865607 
 1611 	 54.865607 
 1612 	 54.901203 
 1613 	 54.367252 
 1614 	 54.545236 
 1615 	 54.349454 
 1616 	 54.349454 
 1617 	 54.687623 
 1618 	 54.331656 
 1619 	 54.296059 
 1620 	 54.794413 
 1621 	 54.278261 
 1622 	 54.296059 
 1623 	 54.474043 
 1624 	 54.723220 
 1625 	 54.224866 
 1626 	 54.260462 
 1627 	 54.812212 
 1628 	 54.723220 
 1629 	 54.634228 
 1630 	 54.207067 
 1631 	 54.189269 
 1632 	 54.189269 
 1633 	 54.509639 
 1634 	 54.153672 
 1635 	 54.171470 
 1636 	 54.135874 
 1637 	 54.135874 
 1638 	 54.634228 
 1639 	 54.118075 
 1640 	 54.100277 
 1641 	 54.527438 
 1642 	 54.100277 
 1643 	 54.474043 
 1644 	 54.118075 
 1645 	 54.082479 
 1646 	 54.100277 
 1647 	 54.046882 
 1648 	 54.509639 
 1649 	 54.064680 
 1650 	 54.064680 
 1651 	 54.046882 
 1652 	 54.509639 
 1653 	 54.474043 
 1654 	 54.456244 
 1655 	 54.491841 
 1656 	 53.993487 
 1657 	 53.957890 
 1658 	 53.993487 
 1659 	 53.993487 
 1660 	 53.957890 
 1661 	 53.975689 
 1662 	 54.456244 
 1663 	 54.349454 
 1664 	 53.957890 
 1665 	 53.922293 
 1666 	 54.438446 
 1667 	 53.940092 
 1668 	 53.904495 
 1669 	 53.922293 
 1670 	 54.402849 
 1671 	 54.331656 
 1672 	 53.886697 
 1673 	 53.904495 
 1674 	 53.868898 
 1675 	 54.313857 
 1676 	 53.868898 
 1677 	 53.904495 
 1678 	 53.352746 
 1679 	 53.886697 
 1680 	 53.886697 
 1681 	 54.224866 
 1682 	 53.851100 
 1683 	 53.851100 
 1684 	 53.868898 
 1685 	 53.851100 
 1686 	 54.313857 
 1687 	 54.349454 
 1688 	 54.278261 
 1689 	 53.833302 
 1690 	 54.278261 
 1691 	 53.815503 
 1692 	 53.815503 
 1693 	 54.224866 
 1694 	 53.833302 
 1695 	 54.278261 
 1696 	 53.815503 
 1697 	 53.833302 
 1698 	 53.797705 
 1699 	 54.313857 
 1700 	 54.278261 
 1701 	 53.762108 
 1702 	 54.313857 
 1703 	 54.207067 
 1704 	 53.797705 
 1705 	 53.779907 
 1706 	 53.779907 
 1707 	 53.797705 
 1708 	 53.779907 
 1709 	 53.762108 
 1710 	 53.744310 
 1711 	 53.779907 
 1712 	 53.762108 
 1713 	 54.242664 
 1714 	 53.779907 
 1715 	 54.242664 
 1716 	 53.744310 
 1717 	 53.779907 
 1718 	 53.762108 
 1719 	 53.762108 
 1720 	 54.100277 
 1721 	 54.207067 
 1722 	 53.762108 
 1723 	 54.260462 
 1724 	 54.224866 
 1725 	 53.744310 
 1726 	 53.762108 
 1727 	 53.762108 
 1728 	 53.762108 
 1729 	 54.260462 
 1730 	 54.207067 
 1731 	 53.797705 
 1732 	 53.744310 
 1733 	 54.171470 
 1734 	 53.779907 
 1735 	 53.779907 
 1736 	 54.278261 
 1737 	 53.744310 
 1738 	 53.779907 
 1739 	 53.779907 
 1740 	 54.224866 
 1741 	 53.762108 
 1742 	 54.242664 
 1743 	 53.779907 
 1744 	 53.762108 
 1745 	 53.779907 
 1746 	 54.242664 
 1747 	 53.762108 
 1748 	 53.779907 
 1749 	 54.207067 
 1750 	 53.797705 
 1751 	 53.779907 
 1752 	 53.779907 
 1753 	 53.797705 
 1754 	 54.278261 
 1755 	 53.797705 
 1756 	 53.779907 
 1757 	 54.260462 
 1758 	 53.815503 
 1759 	 53.815503 
 1760 	 54.278261 
 1761 	 53.815503 
 1762 	 54.118075 
 1763 	 53.833302 
 1764 	 54.260462 
 1765 	 53.815503 
 1766 	 53.797705 
 1767 	 53.851100 
 1768 	 53.851100 
 1769 	 53.851100 
 1770 	 54.278261 
 1771 	 54.367252 
 1772 	 54.278261 
 1773 	 53.833302 
 1774 	 53.868898 
 1775 	 54.331656 
 1776 	 53.868898 
 1777 	 54.349454 
 1778 	 54.242664 
 1779 	 53.868898 
 1780 	 54.367252 
 1781 	 53.886697 
 1782 	 54.331656 
 1783 	 53.922293 
 1784 	 53.904495 
 1785 	 54.331656 
 1786 	 54.331656 
 1787 	 53.904495 
 1788 	 53.940092 
 1789 	 53.922293 
 1790 	 53.957890 
 1791 	 53.922293 
 1792 	 53.957890 
 1793 	 53.957890 
 1794 	 54.385051 
 1795 	 53.957890 
 1796 	 53.957890 
 1797 	 53.975689 
 1798 	 53.957890 
 1799 	 53.975689 
 1800 	 53.993487 
 1801 	 54.474043 
 1802 	 53.975689 
 1803 	 54.456244 
 1804 	 53.993487 
 1805 	 54.029084 
 1806 	 54.278261 
 1807 	 54.438446 
 1808 	 54.029084 
 1809 	 54.046882 
 1810 	 54.046882 
 1811 	 54.046882 
 1812 	 54.029084 
 1813 	 54.082479 
 1814 	 54.527438 
 1815 	 54.474043 
 1816 	 54.082479 
 1817 	 54.545236 
 1818 	 54.545236 
 1819 	 54.100277 
 1820 	 54.474043 
 1821 	 54.135874 
 1822 	 54.135874 
 1823 	 54.616430 
 1824 	 54.545236 
 1825 	 54.135874 
 1826 	 54.100277 
 1827 	 54.563034 
 1828 	 54.171470 
 1829 	 54.171470 
 1830 	 54.509639 
 1831 	 54.687623 
 1832 	 54.189269 
 1833 	 54.224866 
 1834 	 54.207067 
 1835 	 54.207067 
 1836 	 54.224866 
 1837 	 54.242664 
 1838 	 54.260462 
 1839 	 54.242664 
 1840 	 54.296059 
 1841 	 54.313857 
 1842 	 54.794413 
 1843 	 54.313857 
 1844 	 54.936800 
 1845 	 54.313857 
 1846 	 54.349454 
 1847 	 54.776615 
 1848 	 54.367252 
 1849 	 54.367252 
 1850 	 54.402849 
 1851 	 54.385051 
 1852 	 54.402849 
 1853 	 54.385051 
 1854 	 54.402849 
 1855 	 54.990195 
 1856 	 54.420648 
 1857 	 54.865607 
 1858 	 54.420648 
 1859 	 54.883405 
 1860 	 54.919002 
 1861 	 54.919002 
 1862 	 54.402849 
 1863 	 54.509639 
 1864 	 54.491841 
 1865 	 54.509639 
 1866 	 54.527438 
 1867 	 54.954598 
 1868 	 54.545236 
 1869 	 54.990195 
 1870 	 54.563034 
 1871 	 54.563034 
 1872 	 55.007994 
 1873 	 54.634228 
 1874 	 54.545236 
 1875 	 54.616430 
 1876 	 55.114784 
 1877 	 54.652026 
 1878 	 54.634228 
 1879 	 55.096985 
 1880 	 55.096985 
 1881 	 54.669825 
 1882 	 55.257171 
 1883 	 54.652026 
 1884 	 55.185977 
 1885 	 54.741018 
 1886 	 54.758816 
 1887 	 54.741018 
 1888 	 55.168179 
 1889 	 54.794413 
 1890 	 54.794413 
 1891 	 54.812212 
 1892 	 54.812212 
 1893 	 55.257171 
 1894 	 54.830010 
 1895 	 54.847808 
 1896 	 55.310566 
 1897 	 54.865607 
 1898 	 54.901203 
 1899 	 55.328364 
 1900 	 54.936800 
 1901 	 54.919002 
 1902 	 54.954598 
 1903 	 55.435154 
 1904 	 54.954598 
 1905 	 54.972397 
 1906 	 54.990195 
 1907 	 55.025792 
 1908 	 55.007994 
 1909 	 55.470751 
 1910 	 55.007994 
 1911 	 55.043590 
 1912 	 55.043590 
 1913 	 55.079187 
 1914 	 55.079187 
 1915 	 55.096985 
 1916 	 55.524146 
 1917 	 55.114784 
 1918 	 55.150380 
 1919 	 55.168179 
 1920 	 55.168179 
 1921 	 55.185977 
 1922 	 55.684331 
 1923 	 55.595340 
 1924 	 55.239372 
 1925 	 55.666533 
 1926 	 55.719928 
 1927 	 55.737727 
 1928 	 55.257171 
 1929 	 55.702130 
 1930 	 55.613138 
 1931 	 55.737727 
 1932 	 55.346163 
 1933 	 55.826718 
 1934 	 55.363961 
 1935 	 55.363961 
 1936 	 55.381759 
 1937 	 55.915710 
 1938 	 55.417356 
 1939 	 55.844517 
 1940 	 55.862315 
 1941 	 55.470751 
 1942 	 55.915710 
 1943 	 55.506348 
 1944 	 55.969105 
 1945 	 55.524146 
 1946 	 55.969105 
 1947 	 55.559743 
 1948 	 56.004702 
 1949 	 56.075896 
 1950 	 55.969105 
 1951 	 56.093694 
 1952 	 55.630936 
 1953 	 56.075896 
 1954 	 55.684331 
 1955 	 55.666533 
 1956 	 55.719928 
 1957 	 56.129291 
 1958 	 55.719928 
 1959 	 55.755525 
 1960 	 56.218283 
 1961 	 56.414065 
 1962 	 55.755525 
 1963 	 55.808920 
 1964 	 56.289476 
 1965 	 55.844517 
 1966 	 55.844517 
 1967 	 56.271678 
 1968 	 56.342871 
 1969 	 55.897912 
 1970 	 55.897912 
 1971 	 56.431863 
 1972 	 56.360670 
 1973 	 55.969105 
 1974 	 56.431863 
 1975 	 56.485258 
 1976 	 55.986904 
 1977 	 56.004702 
 1978 	 56.040299 
 1979 	 56.520855 
 1980 	 56.574250 
 1981 	 56.093694 
 1982 	 56.592048 
 1983 	 56.574250 
 1984 	 56.111492 
 1985 	 56.449661 
 1986 	 56.182686 
 1987 	 56.182686 
 1988 	 56.698839 
 1989 	 56.182686 
 1990 	 56.218283 
 1991 	 56.236081 
 1992 	 56.271678 
 1993 	 56.307274 
 1994 	 56.289476 
 1995 	 56.307274 
 1996 	 56.342871 
 1997 	 56.360670 
 1998 	 56.414065 
 1999 	 56.948016 
 2000 	 56.396266 
 2001 	 56.841226 
 2002 	 56.414065 
 2003 	 56.431863 
 2004 	 56.449661 
 2005 	 56.485258 
 2006 	 57.001411 
 2007 	 56.538653 
 2008 	 56.912419 
 2009 	 56.983613 
 2010 	 56.556452 
 2011 	 56.574250 
 2012 	 56.609847 
 2013 	 56.627645 
 2014 	 56.645444 
 2015 	 57.143798 
 2016 	 56.663242 
 2017 	 56.681040 
 2018 	 56.698839 
 2019 	 57.214992 
 2020 	 57.143798 
 2021 	 56.770032 
 2022 	 56.770032 
 2023 	 56.770032 
 2024 	 56.805629 
 2025 	 56.823427 
 2026 	 57.286185 
 2027 	 57.339580 
 2028 	 56.894621 
 2029 	 57.108201 
 2030 	 56.876822 
 2031 	 56.930218 
 2032 	 56.948016 
 2033 	 56.965814 
 2034 	 56.983613 
 2035 	 57.019209 
 2036 	 57.535362 
 2037 	 57.019209 
 2038 	 57.464169 
 2039 	 57.481967 
 2040 	 57.054806 
 2041 	 57.535362 
 2042 	 57.570959 
 2043 	 57.108201 
 2044 	 57.624354 
 2045 	 57.143798 
 2046 	 57.481967 
 2047 	 57.268387 
 2048 	 57.535362 
 2049 	 57.214992 
 2050 	 57.250588 
 2051 	 57.677749 
 2052 	 57.268387 
 2053 	 57.303983 
 2054 	 57.766741 
 2055 	 57.339580 
 2056 	 57.695548 
 2057 	 57.873532 
 2058 	 57.410774 
 2059 	 57.392975 
 2060 	 57.392975 
 2061 	 57.855733 
 2062 	 57.784540 
 2063 	 57.446371 
 2064 	 57.481967 
 2065 	 57.962524 
 2066 	 57.481967 
 2067 	 57.517564 
 2068 	 57.553161 
 2069 	 57.535362 
 2070 	 57.606556 
 2071 	 58.033717 
 2072 	 57.606556 
 2073 	 57.642153 
 2074 	 57.659951 
 2075 	 57.659951 
 2076 	 58.158306 
 2077 	 57.659951 
 2078 	 57.695548 
 2079 	 57.713346 
 2080 	 57.766741 
 2081 	 57.748943 
 2082 	 58.229499 
 2083 	 58.211701 
 2084 	 57.784540 
 2085 	 57.820136 
 2086 	 58.229499 
 2087 	 58.247298 
 2088 	 57.837935 
 2089 	 57.837935 
 2090 	 58.371886 
 2091 	 58.193902 
 2092 	 58.354088 
 2093 	 57.909128 
 2094 	 57.944725 
 2095 	 57.962524 
 2096 	 58.425281 
 2097 	 57.998120 
 2098 	 58.051515 
 2099 	 58.033717 
 2100 	 58.033717 
 2101 	 58.549870 
 2102 	 58.087112 
 2103 	 58.496475 
 2104 	 58.122709 
 2105 	 58.621064 
 2106 	 58.692257 
 2107 	 58.122709 
 2108 	 58.176104 
 2109 	 58.692257 
 2110 	 58.193902 
 2111 	 58.727854 
 2112 	 58.727854 
 2113 	 58.834644 
 2114 	 58.727854 
 2115 	 58.247298 
 2116 	 58.247298 
 2117 	 58.300693 
 2118 	 58.318491 
 2119 	 58.300693 
 2120 	 58.300693 
 2121 	 58.336290 
 2122 	 58.692257 
 2123 	 58.354088 
 2124 	 58.389685 
 2125 	 58.389685 
 2126 	 58.407483 
 2127 	 58.727854 
 2128 	 58.443080 
 2129 	 58.443080 
 2130 	 58.460878 
 2131 	 58.478677 
 2132 	 58.888039 
 2133 	 58.478677 
 2134 	 58.496475 
 2135 	 58.514273 
 2136 	 59.012628 
 2137 	 58.549870 
 2138 	 58.549870 
 2139 	 58.585467 
 2140 	 58.585467 
 2141 	 58.585467 
 2142 	 59.244007 
 2143 	 58.621064 
 2144 	 58.621064 
 2145 	 58.638862 
 2146 	 58.656660 
 2147 	 58.674459 
 2148 	 58.674459 
 2149 	 59.190612 
 2150 	 59.137217 
 2151 	 59.208410 
 2152 	 58.710056 
 2153 	 58.745652 
 2154 	 59.244007 
 2155 	 58.763451 
 2156 	 58.763451 
 2157 	 58.781249 
 2158 	 58.781249 
 2159 	 59.155015 
 2160 	 58.834644 
 2161 	 58.834644 
 2162 	 58.834644 
 2163 	 58.834644 
 2164 	 58.852443 
 2165 	 59.261806 
 2166 	 58.852443 
 2167 	 59.350798 
 2168 	 58.905838 
 2169 	 58.888039 
 2170 	 59.332999 
 2171 	 58.923636 
 2172 	 59.439790 
 2173 	 59.350798 
 2174 	 58.941435 
 2175 	 58.941435 
 2176 	 58.977031 
 2177 	 58.977031 
 2178 	 59.475386 
 2179 	 59.012628 
 2180 	 59.315201 
 2181 	 59.012628 
 2182 	 59.030427 
 2183 	 59.030427 
 2184 	 59.048225 
 2185 	 59.528781 
 2186 	 59.386394 
 2187 	 58.977031 
 2188 	 59.083822 
 2189 	 59.083822 
 2190 	 59.510983 
 2191 	 59.101620 
 2192 	 59.101620 
 2193 	 59.119419 
 2194 	 59.137217 
 2195 	 59.137217 
 2196 	 59.119419 
 2197 	 59.155015 
 2198 	 59.155015 
 2199 	 59.653370 
 2200 	 59.635572 
 2201 	 59.635572 
 2202 	 59.172814 
 2203 	 59.172814 
 2204 	 59.172814 
 2205 	 59.208410 
 2206 	 59.208410 
 2207 	 59.226209 
 2208 	 59.226209 
 2209 	 59.244007 
 2210 	 59.261806 
 2211 	 59.226209 
 2212 	 59.226209 
 2213 	 59.226209 
 2214 	 59.777959 
 2215 	 59.261806 
 2216 	 59.742362 
 2217 	 59.261806 
 2218 	 59.261806 
 2219 	 59.261806 
 2220 	 59.297402 
 2221 	 59.297402 
 2222 	 59.261806 
 2223 	 59.315201 
 2224 	 59.297402 
 2225 	 59.777959 
 2226 	 59.297402 
 2227 	 59.315201 
 2228 	 59.831354 
 2229 	 59.332999 
 2230 	 59.332999 
 2231 	 59.350798 
 2232 	 59.315201 
 2233 	 59.332999 
 2234 	 59.332999 
 2235 	 59.795757 
 2236 	 59.386394 
 2237 	 59.849153 
 2238 	 59.884749 
 2239 	 59.831354 
 2240 	 59.849153 
 2241 	 59.386394 
 2242 	 59.866951 
 2243 	 59.386394 
 2244 	 59.404193 
 2245 	 59.386394 
 2246 	 59.404193 
 2247 	 59.404193 
 2248 	 59.439790 
 2249 	 59.849153 
 2250 	 59.421991 
 2251 	 59.884749 
 2252 	 59.777959 
 2253 	 59.421991 
 2254 	 59.902548 
 2255 	 59.404193 
 2256 	 59.439790 
 2257 	 59.404193 
 2258 	 59.902548 
 2259 	 59.421991 
 2260 	 59.884749 
 2261 	 59.421991 
 2262 	 59.421991 
 2263 	 59.386394 
 2264 	 59.421991 
 2265 	 59.439790 
 2266 	 59.421991 
 2267 	 59.813556 
 2268 	 59.421991 
 2269 	 59.457588 
 2270 	 59.831354 
 2271 	 59.920346 
 2272 	 59.884749 
 2273 	 59.457588 
 2274 	 59.439790 
 2275 	 59.920346 
 2276 	 59.938144 
 2277 	 59.421991 
 2278 	 59.457588 
 2279 	 59.386394 
 2280 	 59.439790 
 2281 	 59.421991 
 2282 	 59.421991 
 2283 	 59.404193 
 2284 	 59.439790 
 2285 	 59.457588 
 2286 	 59.421991 
 2287 	 59.404193 
 2288 	 59.920346 
 2289 	 59.902548 
 2290 	 59.404193 
 2291 	 59.404193 
 2292 	 59.866951 
 2293 	 59.421991 
 2294 	 59.421991 
 2295 	 59.920346 
 2296 	 59.421991 
 2297 	 59.866951 
 2298 	 59.404193 
 2299 	 59.421991 
 2300 	 59.920346 
 2301 	 59.404193 
 2302 	 59.386394 
 2303 	 59.831354 
 2304 	 59.404193 
 2305 	 59.386394 
 2306 	 59.404193 
 2307 	 59.368596 
 2308 	 59.706765 
 2309 	 59.350798 
 2310 	 59.724564 
 2311 	 59.386394 
 2312 	 59.332999 
 2313 	 59.831354 
 2314 	 59.332999 
 2315 	 59.991540 
 2316 	 59.350798 
 2317 	 59.350798 
 2318 	 59.724564 
 2319 	 59.350798 
 2320 	 59.813556 
 2321 	 59.315201 
 2322 	 59.332999 
 2323 	 59.813556 
 2324 	 59.332999 
 2325 	 59.795757 
 2326 	 59.813556 
 2327 	 59.332999 
 2328 	 59.279604 
 2329 	 59.297402 
 2330 	 59.795757 
 2331 	 59.795757 
 2332 	 59.510983 
 2333 	 59.849153 
 2334 	 59.688967 
 2335 	 59.671169 
 2336 	 59.546580 
 2337 	 59.244007 
 2338 	 59.226209 
 2339 	 59.261806 
 2340 	 59.279604 
 2341 	 59.261806 
 2342 	 59.244007 
 2343 	 59.635572 
 2344 	 59.653370 
 2345 	 59.226209 
 2346 	 59.190612 
 2347 	 59.190612 
 2348 	 59.208410 
 2349 	 59.190612 
 2350 	 59.172814 
 2351 	 59.172814 
 2352 	 59.172814 
 2353 	 59.155015 
 2354 	 59.582177 
 2355 	 59.172814 
 2356 	 59.137217 
 2357 	 59.137217 
 2358 	 59.119419 
 2359 	 59.137217 
 2360 	 59.617773 
 2361 	 59.599975 
 2362 	 59.083822 
 2363 	 59.083822 
 2364 	 59.564378 
 2365 	 59.101620 
 2366 	 59.066023 
 2367 	 59.083822 
 2368 	 59.386394 
 2369 	 59.048225 
 2370 	 59.510983 
 2371 	 59.493185 
 2372 	 59.030427 
 2373 	 59.012628 
 2374 	 58.994830 
 2375 	 59.012628 
 2376 	 59.404193 
 2377 	 58.977031 
 2378 	 58.888039 
 2379 	 59.421991 
 2380 	 59.244007 
 2381 	 58.959233 
 2382 	 58.905838 
 2383 	 58.941435 
 2384 	 59.279604 
 2385 	 58.959233 
 2386 	 58.888039 
 2387 	 59.315201 
 2388 	 58.870241 
 2389 	 59.332999 
 2390 	 58.852443 
 2391 	 58.834644 
 2392 	 58.852443 
 2393 	 59.261806 
 2394 	 59.244007 
 2395 	 58.781249 
 2396 	 59.297402 
 2397 	 58.799048 
 2398 	 58.781249 
 2399 	 58.799048 
 2400 	 58.781249 
 2401 	 58.763451 
 2402 	 59.155015 
 2403 	 59.208410 
 2404 	 58.727854 
 2405 	 59.172814 
 2406 	 58.674459 
 2407 	 58.692257 
 2408 	 58.674459 
 2409 	 58.656660 
 2410 	 59.119419 
 2411 	 59.137217 
 2412 	 59.066023 
 2413 	 58.621064 
 2414 	 59.066023 
 2415 	 59.083822 
 2416 	 59.012628 
 2417 	 58.567669 
 2418 	 58.977031 
 2419 	 58.941435 
 2420 	 58.532072 
 2421 	 59.012628 
 2422 	 58.514273 
 2423 	 58.478677 
 2424 	 58.496475 
 2425 	 58.478677 
 2426 	 58.905838 
 2427 	 58.443080 
 2428 	 58.460878 
 2429 	 58.888039 
 2430 	 58.799048 
 2431 	 58.389685 
 2432 	 58.389685 
 2433 	 58.816846 
 2434 	 58.389685 
 2435 	 58.354088 
 2436 	 58.674459 
 2437 	 58.336290 
 2438 	 58.300693 
 2439 	 58.727854 
 2440 	 58.300693 
 2441 	 58.567669 
 2442 	 58.229499 
 2443 	 58.247298 
 2444 	 58.229499 
 2445 	 58.193902 
 2446 	 58.585467 
 2447 	 58.336290 
 2448 	 58.567669 
 2449 	 58.176104 
 2450 	 58.158306 
 2451 	 58.140507 
 2452 	 58.140507 
 2453 	 58.122709 
 2454 	 58.087112 
 2455 	 58.104911 
 2456 	 58.567669 
 2457 	 58.033717 
 2458 	 58.051515 
 2459 	 58.033717 
 2460 	 58.496475 
 2461 	 58.460878 
 2462 	 57.980322 
 2463 	 57.998120 
 2464 	 57.962524 
 2465 	 57.926927 
 2466 	 58.407483 
 2467 	 58.425281 
 2468 	 57.909128 
 2469 	 57.891330 
 2470 	 57.909128 
 2471 	 58.336290 
 2472 	 57.837935 
 2473 	 58.140507 
 2474 	 58.229499 
 2475 	 58.265096 
 2476 	 57.802338 
 2477 	 57.784540 
 2478 	 57.748943 
 2479 	 57.713346 
 2480 	 58.122709 
 2481 	 58.336290 
 2482 	 58.176104 
 2483 	 58.193902 
 2484 	 57.677749 
 2485 	 57.642153 
 2486 	 57.606556 
 2487 	 58.051515 
 2488 	 57.909128 
 2489 	 57.588758 
 2490 	 58.051515 
 2491 	 57.553161 
 2492 	 57.535362 
 2493 	 57.517564 
 2494 	 57.499766 
 2495 	 57.980322 
 2496 	 57.944725 
 2497 	 57.766741 
 2498 	 57.446371 
 2499 	 57.446371 
 2500 	 57.446371 
 2501 	 57.802338 
 2502 	 57.321782 
 2503 	 57.837935 
 2504 	 57.339580 
 2505 	 57.357379 
 2506 	 57.321782 
 2507 	 57.303983 
 2508 	 57.731145 
 2509 	 57.268387 
 2510 	 57.766741 
 2511 	 57.250588 
 2512 	 57.820136 
 2513 	 57.232790 
 2514 	 57.179395 
 2515 	 57.161596 
 2516 	 57.197193 
 2517 	 57.143798 
 2518 	 57.108201 
 2519 	 57.126000 
 2520 	 57.090403 
 2521 	 57.054806 
 2522 	 57.054806 
 2523 	 57.286185 
 2524 	 57.019209 
 2525 	 56.983613 
 2526 	 56.983613 
 2527 	 56.983613 
 2528 	 57.392975 
 2529 	 57.357379 
 2530 	 57.392975 
 2531 	 57.375177 
 2532 	 57.357379 
 2533 	 57.321782 
 2534 	 56.841226 
 2535 	 56.983613 
 2536 	 57.303983 
 2537 	 57.303983 
 2538 	 56.787831 
 2539 	 57.232790 
 2540 	 56.734435 
 2541 	 56.698839 
 2542 	 56.698839 
 2543 	 56.716637 
 2544 	 57.179395 
 2545 	 56.645444 
 2546 	 57.072605 
 2547 	 56.609847 
 2548 	 56.609847 
 2549 	 56.592048 
 2550 	 56.574250 
 2551 	 56.538653 
 2552 	 56.556452 
 2553 	 56.503057 
 2554 	 56.894621 
 2555 	 56.467460 
 2556 	 56.467460 
 2557 	 56.449661 
 2558 	 56.876822 
 2559 	 56.414065 
 2560 	 56.876822 
 2561 	 56.342871 
 2562 	 56.342871 
 2563 	 56.360670 
 2564 	 56.307274 
 2565 	 56.787831 
 2566 	 56.253879 
 2567 	 56.218283 
 2568 	 56.253879 
 2569 	 56.218283 
 2570 	 56.200484 
 2571 	 56.681040 
 2572 	 56.627645 
 2573 	 56.609847 
 2574 	 56.556452 
 2575 	 56.093694 
 2576 	 56.075896 
 2577 	 56.093694 
 2578 	 56.040299 
 2579 	 56.004702 
 2580 	 55.986904 
 2581 	 56.325073 
 2582 	 55.986904 
 2583 	 55.951307 
 2584 	 55.915710 
 2585 	 55.915710 
 2586 	 56.271678 
 2587 	 55.880114 
 2588 	 56.236081 
 2589 	 55.826718 
 2590 	 55.826718 
 2591 	 55.808920 
 2592 	 55.773323 
 2593 	 56.378468 
 2594 	 55.755525 
 2595 	 55.684331 
 2596 	 56.182686 
 2597 	 56.111492 
 2598 	 55.666533 
 2599 	 55.648735 
 2600 	 56.129291 
 2601 	 55.986904 
 2602 	 55.595340 
 2603 	 55.559743 
 2604 	 55.541945 
 2605 	 55.915710 
 2606 	 55.506348 
 2607 	 55.630936 
 2608 	 55.773323 
 2609 	 55.417356 
 2610 	 55.435154 
 2611 	 55.417356 
 2612 	 55.862315 
 2613 	 55.808920 
 2614 	 55.346163 
 2615 	 55.310566 
 2616 	 55.292767 
 2617 	 55.292767 
 2618 	 55.257171 
 2619 	 55.257171 
 2620 	 55.719928 
 2621 	 55.221574 
 2622 	 55.203776 
 2623 	 55.630936 
 2624 	 55.310566 
 2625 	 55.150380 
 2626 	 55.132582 
 2627 	 55.096985 
 2628 	 55.061389 
 2629 	 55.061389 
 2630 	 55.025792 
 2631 	 55.043590 
 2632 	 55.346163 
 2633 	 54.901203 
 2634 	 54.954598 
 2635 	 55.399558 
 2636 	 55.417356 
 2637 	 54.865607 
 2638 	 54.901203 
 2639 	 55.292767 
 2640 	 55.292767 
 2641 	 55.150380 
 2642 	 54.812212 
 2643 	 55.328364 
 2644 	 54.794413 
 2645 	 55.239372 
 2646 	 54.723220 
 2647 	 54.705421 
 2648 	 54.687623 
 2649 	 55.168179 
 2650 	 54.652026 
 2651 	 54.652026 
 2652 	 54.616430 
 2653 	 54.598631 
 2654 	 54.580833 
 2655 	 54.580833 
 2656 	 55.043590 
 2657 	 54.491841 
 2658 	 54.509639 
 2659 	 54.491841 
 2660 	 54.474043 
 2661 	 54.456244 
 2662 	 54.420648 
 2663 	 54.776615 
 2664 	 54.794413 
 2665 	 54.385051 
 2666 	 54.349454 
 2667 	 54.776615 
 2668 	 54.580833 
 2669 	 54.242664 
 2670 	 54.296059 
 2671 	 54.260462 
 2672 	 54.242664 
 2673 	 54.207067 
 2674 	 54.491841 
 2675 	 54.189269 
 2676 	 54.171470 
 2677 	 54.135874 
 2678 	 54.135874 
 2679 	 54.118075 
 2680 	 54.509639 
 2681 	 54.064680 
 2682 	 54.563034 
 2683 	 54.046882 
 2684 	 54.474043 
 2685 	 54.402849 
 2686 	 54.011285 
 2687 	 53.957890 
 2688 	 53.975689 
 2689 	 54.331656 
 2690 	 54.402849 
 2691 	 54.189269 
 2692 	 54.278261 
 2693 	 53.851100 
 2694 	 54.349454 
 2695 	 54.207067 
 2696 	 53.815503 
 2697 	 53.779907 
 2698 	 53.762108 
 2699 	 54.064680 
 2700 	 53.744310 
 2701 	 53.726511 
 2702 	 53.690915 
 2703 	 53.655318 
 2704 	 53.673116 
 2705 	 54.260462 
 2706 	 54.118075 
 2707 	 53.904495 
 2708 	 54.082479 
 2709 	 53.566326 
 2710 	 53.566326 
 2711 	 53.548528 
 2712 	 53.975689 
 2713 	 53.975689 
 2714 	 53.459536 
 2715 	 53.815503 
 2716 	 53.868898 
 2717 	 53.441738 
 2718 	 53.423939 
 2719 	 53.388343 
 2720 	 53.406141 
 2721 	 53.388343 
 2722 	 53.833302 
 2723 	 53.815503 
 2724 	 53.708713 
 2725 	 53.317149 
 2726 	 53.299351 
 2727 	 53.762108 
 2728 	 53.228158 
 2729 	 53.619721 
 2730 	 53.245956 
 2731 	 53.245956 
 2732 	 53.726511 
 2733 	 53.192561 
 2734 	 53.619721 
 2735 	 53.174762 
 2736 	 53.156964 
 2737 	 53.139166 
 2738 	 53.121367 
 2739 	 53.121367 
 2740 	 53.495133 
 2741 	 53.548528 
 2742 	 53.512931 
 2743 	 53.032376 
 2744 	 53.477334 
 2745 	 53.495133 
 2746 	 53.459536 
 2747 	 53.477334 
 2748 	 52.978981 
 2749 	 52.961182 
 2750 	 53.370544 
 2751 	 52.872190 
 2752 	 52.907787 
 2753 	 52.889989 
 2754 	 52.907787 
 2755 	 53.210359 
 2756 	 52.872190 
 2757 	 52.854392 
 2758 	 53.317149 
 2759 	 52.765400 
 2760 	 52.800997 
 2761 	 53.210359 
 2762 	 52.765400 
 2763 	 53.263754 
 2764 	 53.210359 
 2765 	 52.729804 
 2766 	 53.174762 
 2767 	 52.694207 
 2768 	 52.729804 
 2769 	 52.712005 
 2770 	 52.676409 
 2771 	 53.032376 
 2772 	 52.658610 
 2773 	 52.623013 
 2774 	 52.961182 
 2775 	 52.605215 
 2776 	 52.587417 
 2777 	 52.605215 
 2778 	 52.943384 
 2779 	 52.551820 
 2780 	 53.014577 
 2781 	 52.534022 
 2782 	 53.050174 
 2783 	 52.516223 
 2784 	 52.516223 
 2785 	 52.498425 
 2786 	 52.925585 
 2787 	 52.498425 
 2788 	 52.480627 
 2789 	 52.943384 
 2790 	 52.462828 
 2791 	 52.409433 
 2792 	 52.907787 
 2793 	 52.427232 
 2794 	 52.818795 
 2795 	 52.818795 
 2796 	 52.356038 
 2797 	 52.409433 
 2798 	 52.373837 
 2799 	 52.373837 
 2800 	 52.320441 
 2801 	 52.854392 
 2802 	 52.836594 
 2803 	 52.320441 
 2804 	 52.302643 
 2805 	 52.284845 
 2806 	 52.729804 
 2807 	 52.267046 
 2808 	 52.249248 
 2809 	 52.249248 
 2810 	 52.765400 
 2811 	 52.623013 
 2812 	 52.694207 
 2813 	 52.195853 
 2814 	 52.213651 
 2815 	 52.623013 
 2816 	 52.623013 
 2817 	 52.195853 
 2818 	 52.160256 
 2819 	 52.124660 
 2820 	 52.160256 
 2821 	 52.569618 
 2822 	 52.142458 
 2823 	 52.658610 
 2824 	 52.640812 
 2825 	 52.106861 
 2826 	 52.106861 
 2827 	 52.124660 
 2828 	 52.106861 
 2829 	 52.124660 
 2830 	 52.480627 
 2831 	 52.551820 
 2832 	 52.053466 
 2833 	 52.053466 
 2834 	 52.089063 
 2835 	 52.053466 
 2836 	 52.035668 
 2837 	 52.445030 
 2838 	 52.035668 
 2839 	 52.017870 
 2840 	 52.035668 
 2841 	 52.000071 
 2842 	 52.462828 
 2843 	 52.516223 
 2844 	 52.000071 
 2845 	 52.462828 
 2846 	 51.982273 
 2847 	 52.445030 
 2848 	 52.391635 
 2849 	 51.964474 
 2850 	 51.982273 
 2851 	 51.946676 
 2852 	 51.911079 
 2853 	 52.124660 
 2854 	 51.964474 
 2855 	 51.928878 
 2856 	 52.373837 
 2857 	 52.320441 
 2858 	 51.964474 
 2859 	 51.928878 
 2860 	 52.338240 
 2861 	 51.946676 
 2862 	 52.302643 
 2863 	 52.391635 
 2864 	 51.928878 
 2865 	 52.338240 
 2866 	 51.875483 
 2867 	 52.356038 
 2868 	 51.875483 
 2869 	 52.302643 
 2870 	 52.320441 
 2871 	 51.857684 
 2872 	 51.857684 
 2873 	 51.875483 
 2874 	 51.857684 
 2875 	 51.875483 
 2876 	 51.893281 
 2877 	 51.839886 
 2878 	 51.857684 
 2879 	 51.857684 
 2880 	 51.857684 
 2881 	 51.839886 
 2882 	 51.839886 
 2883 	 51.839886 
 2884 	 51.839886 
 2885 	 51.839886 
 2886 	 52.284845 
 2887 	 52.267046 
 2888 	 52.373837 
 2889 	 51.822088 
 2890 	 51.839886 
 2891 	 51.804289 
 2892 	 51.857684 
 2893 	 51.839886 
 2894 	 51.839886 
 2895 	 51.822088 
 2896 	 51.804289 
 2897 	 51.822088 
 2898 	 51.822088 
 2899 	 51.804289 
 2900 	 51.839886 
 2901 	 51.857684 
 2902 	 52.284845 
 2903 	 52.320441 
 2904 	 51.839886 
 2905 	 52.320441 
 2906 	 51.839886 
 2907 	 52.284845 
 2908 	 51.822088 
 2909 	 52.267046 
 2910 	 51.822088 
 2911 	 51.804289 
 2912 	 52.249248 
 2913 	 52.267046 
 2914 	 52.249248 
 2915 	 51.804289 
 2916 	 51.839886 
 2917 	 51.822088 
 2918 	 51.839886 
 2919 	 51.822088 
 2920 	 51.822088 
 2921 	 51.804289 
 2922 	 51.822088 
 2923 	 51.822088 
 2924 	 52.195853 
 2925 	 52.267046 
 2926 	 51.857684 
 2927 	 52.480627 
 2928 	 51.768693 
 2929 	 51.839886 
 2930 	 51.857684 
 2931 	 51.857684 
 2932 	 52.338240 
 2933 	 51.839886 
 2934 	 51.857684 
 2935 	 51.875483 
 2936 	 52.320441 
 2937 	 51.893281 
 2938 	 51.893281 
 2939 	 52.249248 
 2940 	 51.893281 
 2941 	 51.857684 
 2942 	 51.875483 
 2943 	 51.857684 
 2944 	 51.875483 
 2945 	 51.857684 
 2946 	 51.911079 
 2947 	 51.893281 
 2948 	 51.893281 
 2949 	 52.373837 
 2950 	 52.356038 
 2951 	 51.875483 
 2952 	 51.928878 
 2953 	 52.356038 
 2954 	 52.338240 
 2955 	 51.964474 
 2956 	 51.928878 
 2957 	 51.928878 
 2958 	 51.946676 
 2959 	 51.911079 
 2960 	 51.964474 
 2961 	 51.946676 
 2962 	 51.946676 
 2963 	 52.391635 
 2964 	 51.964474 
 2965 	 52.480627 
 2966 	 51.982273 
 2967 	 52.445030 
 2968 	 51.964474 
 2969 	 51.982273 
 2970 	 52.000071 
 2971 	 52.445030 
 2972 	 52.017870 
 2973 	 52.000071 
 2974 	 52.017870 
 2975 	 52.178055 
 2976 	 52.427232 
 2977 	 52.480627 
 2978 	 52.462828 
 2979 	 52.035668 
 2980 	 52.267046 
 2981 	 52.089063 
 2982 	 52.071265 
 2983 	 52.694207 
 2984 	 52.498425 
 2985 	 52.071265 
 2986 	 52.551820 
 2987 	 52.106861 
 2988 	 52.124660 
 2989 	 52.516223 
 2990 	 52.124660 
 2991 	 52.124660 
 2992 	 52.142458 
 2993 	 52.160256 
 2994 	 52.160256 
 2995 	 52.142458 
 2996 	 52.160256 
 2997 	 52.160256 
 2998 	 52.178055 
 2999 	 52.320441 
 3000 	 52.195853 
 3001 	 52.213651 
 3002 	 52.213651 
 3003 	 52.195853 
 3004 	 52.231450 
 3005 	 52.267046 
 3006 	 52.267046 
 3007 	 52.249248 
 3008 	 52.231450 
 3009 	 52.231450 
 3010 	 52.747602 
 3011 	 52.267046 
 3012 	 52.284845 
 3013 	 52.284845 
 3014 	 52.320441 
 3015 	 52.302643 
 3016 	 52.320441 
 3017 	 52.712005 
 3018 	 52.338240 
 3019 	 52.338240 
 3020 	 52.836594 
 3021 	 52.356038 
 3022 	 52.356038 
 3023 	 52.889989 
 3024 	 52.765400 
 3025 	 52.409433 
 3026 	 52.818795 
 3027 	 52.729804 
 3028 	 52.409433 
 3029 	 52.445030 
 3030 	 52.427232 
 3031 	 52.445030 
 3032 	 52.729804 
 3033 	 52.854392 
 3034 	 52.836594 
 3035 	 52.480627 
 3036 	 52.516223 
 3037 	 52.498425 
 3038 	 52.516223 
 3039 	 52.534022 
 3040 	 52.551820 
 3041 	 52.516223 
 3042 	 52.551820 
 3043 	 52.551820 
 3044 	 52.587417 
 3045 	 52.587417 
 3046 	 53.067972 
 3047 	 52.623013 
 3048 	 52.605215 
 3049 	 52.605215 
 3050 	 52.640812 
 3051 	 53.121367 
 3052 	 53.085771 
 3053 	 52.658610 
 3054 	 52.676409 
 3055 	 52.694207 
 3056 	 53.352746 
 3057 	 52.694207 
 3058 	 52.729804 
 3059 	 53.210359 
 3060 	 53.210359 
 3061 	 53.228158 
 3062 	 52.783199 
 3063 	 52.783199 
 3064 	 52.800997 
 3065 	 52.783199 
 3066 	 52.818795 
 3067 	 52.836594 
 3068 	 52.836594 
 3069 	 53.334948 
 3070 	 53.352746 
 3071 	 53.281553 
 3072 	 53.299351 
 3073 	 53.352746 
 3074 	 52.889989 
 3075 	 52.925585 
 3076 	 53.352746 
 3077 	 52.961182 
 3078 	 52.961182 
 3079 	 52.978981 
 3080 	 52.978981 
 3081 	 53.014577 
 3082 	 53.495133 
 3083 	 53.423939 
 3084 	 53.050174 
 3085 	 53.388343 
 3086 	 53.067972 
 3087 	 53.477334 
 3088 	 53.103569 
 3089 	 53.121367 
 3090 	 53.156964 
 3091 	 53.530730 
 3092 	 53.548528 
 3093 	 53.139166 
 3094 	 53.637520 
 3095 	 53.210359 
 3096 	 53.228158 
 3097 	 53.210359 
 3098 	 53.210359 
 3099 	 53.690915 
 3100 	 53.673116 
 3101 	 53.744310 
 3102 	 53.263754 
 3103 	 53.263754 
 3104 	 53.299351 
 3105 	 53.744310 
 3106 	 53.726511 
 3107 	 53.655318 
 3108 	 53.352746 
 3109 	 53.352746 
 3110 	 53.388343 
 3111 	 53.406141 
 3112 	 53.406141 
 3113 	 53.423939 
 3114 	 53.940092 
 3115 	 53.459536 
 3116 	 53.477334 
 3117 	 53.868898 
 3118 	 53.495133 
 3119 	 53.512931 
 3120 	 53.530730 
 3121 	 53.548528 
 3122 	 53.548528 
 3123 	 54.011285 
 3124 	 53.601923 
 3125 	 54.064680 
 3126 	 53.619721 
 3127 	 53.512931 
 3128 	 54.046882 
 3129 	 53.673116 
 3130 	 53.655318 
 3131 	 53.673116 
 3132 	 53.708713 
 3133 	 53.708713 
 3134 	 53.744310 
 3135 	 53.744310 
 3136 	 54.278261 
 3137 	 53.779907 
 3138 	 53.779907 
 3139 	 53.833302 
 3140 	 53.815503 
 3141 	 54.260462 
 3142 	 53.868898 
 3143 	 53.868898 
 3144 	 54.313857 
 3145 	 54.385051 
 3146 	 53.922293 
 3147 	 53.922293 
 3148 	 53.957890 
 3149 	 53.940092 
 3150 	 54.456244 
 3151 	 53.993487 
 3152 	 53.993487 
 3153 	 54.456244 
 3154 	 54.064680 
 3155 	 54.563034 
 3156 	 54.563034 
 3157 	 54.100277 
 3158 	 54.100277 
 3159 	 54.118075 
 3160 	 54.135874 
 3161 	 54.652026 
 3162 	 54.634228 
 3163 	 54.189269 
 3164 	 54.207067 
 3165 	 54.669825 
 3166 	 54.242664 
 3167 	 54.723220 
 3168 	 54.723220 
 3169 	 54.313857 
 3170 	 54.296059 
 3171 	 54.794413 
 3172 	 54.367252 
 3173 	 54.847808 
 3174 	 54.741018 
 3175 	 54.402849 
 3176 	 54.402849 
 3177 	 54.420648 
 3178 	 54.438446 
 3179 	 54.438446 
 3180 	 54.456244 
 3181 	 54.491841 
 3182 	 54.954598 
 3183 	 54.990195 
 3184 	 54.990195 
 3185 	 54.580833 
 3186 	 54.598631 
 3187 	 54.598631 
 3188 	 55.079187 
 3189 	 54.634228 
 3190 	 55.061389 
 3191 	 55.257171 
 3192 	 54.687623 
 3193 	 54.723220 
 3194 	 55.221574 
 3195 	 55.203776 
 3196 	 54.758816 
 3197 	 54.758816 
 3198 	 55.221574 
 3199 	 55.239372 
 3200 	 54.812212 
 3201 	 55.257171 
 3202 	 54.883405 
 3203 	 55.381759 
 3204 	 54.883405 
 3205 	 54.919002 
 3206 	 54.936800 
 3207 	 54.954598 
 3208 	 54.972397 
 3209 	 55.007994 
 3210 	 55.007994 
 3211 	 55.452953 
 3212 	 55.043590 
 3213 	 55.061389 
 3214 	 55.417356 
 3215 	 55.506348 
 3216 	 55.114784 
 3217 	 55.132582 
 3218 	 55.595340 
 3219 	 55.595340 
 3220 	 55.168179 
 3221 	 55.185977 
 3222 	 55.737727 
 3223 	 55.666533 
 3224 	 55.755525 
 3225 	 55.274969 
 3226 	 55.168179 
 3227 	 55.773323 
 3228 	 55.328364 
 3229 	 55.826718 
 3230 	 55.363961 
 3231 	 55.808920 
 3232 	 55.381759 
 3233 	 55.897912 
 3234 	 55.880114 
 3235 	 55.915710 
 3236 	 55.470751 
 3237 	 55.488549 
 3238 	 56.022501 
 3239 	 55.524146 
 3240 	 55.541945 
 3241 	 56.075896 
 3242 	 55.826718 
 3243 	 55.595340 
 3244 	 56.093694 
 3245 	 55.630936 
 3246 	 56.253879 
 3247 	 55.666533 
 3248 	 55.613138 
 3249 	 56.147089 
 3250 	 56.218283 
 3251 	 55.719928 
 3252 	 56.271678 
 3253 	 55.791122 
 3254 	 55.808920 
 3255 	 56.289476 
 3256 	 56.253879 
 3257 	 55.862315 
 3258 	 55.862315 
 3259 	 56.058097 
 3260 	 56.307274 
 3261 	 55.933509 
 3262 	 56.360670 
 3263 	 56.396266 
 3264 	 56.467460 
 3265 	 56.022501 
 3266 	 56.503057 
 3267 	 56.627645 
 3268 	 56.058097 
 3269 	 56.040299 
 3270 	 56.538653 
 3271 	 56.111492 
 3272 	 56.592048 
 3273 	 56.147089 
 3274 	 56.164887 
 3275 	 56.164887 
 3276 	 56.200484 
 3277 	 56.236081 
 3278 	 56.645444 
 3279 	 56.253879 
 3280 	 56.770032 
 3281 	 56.289476 
 3282 	 56.734435 
 3283 	 56.770032 
 3284 	 56.770032 
 3285 	 56.342871 
 3286 	 56.930218 
 3287 	 56.431863 
 3288 	 56.876822 
 3289 	 56.538653 
 3290 	 56.449661 
 3291 	 56.467460 
 3292 	 56.467460 
 3293 	 56.520855 
 3294 	 56.520855 
 3295 	 56.520855 
 3296 	 56.485258 
 3297 	 56.574250 
 3298 	 57.037008 
 3299 	 56.681040 
 3300 	 57.108201 
 3301 	 56.645444 
 3302 	 57.161596 
 3303 	 57.108201 
 3304 	 56.698839 
 3305 	 56.734435 
 3306 	 57.197193 
 3307 	 56.752234 
 3308 	 56.752234 
 3309 	 57.286185 
 3310 	 56.805629 
 3311 	 56.841226 
 3312 	 56.859024 
 3313 	 56.859024 
 3314 	 57.392975 
 3315 	 56.894621 
 3316 	 57.339580 
 3317 	 56.894621 
 3318 	 56.948016 
 3319 	 56.965814 
 3320 	 56.965814 
 3321 	 57.410774 
 3322 	 57.001411 
 3323 	 57.037008 
 3324 	 57.037008 
 3325 	 57.054806 
 3326 	 57.090403 
 3327 	 57.072605 
 3328 	 57.499766 
 3329 	 57.553161 
 3330 	 57.428572 
 3331 	 57.161596 
 3332 	 57.695548 
 3333 	 57.179395 
 3334 	 57.428572 
 3335 	 57.677749 
 3336 	 57.659951 
 3337 	 57.250588 
 3338 	 57.677749 
 3339 	 57.303983 
 3340 	 57.784540 
 3341 	 57.303983 
 3342 	 57.303983 
 3343 	 57.837935 
 3344 	 57.357379 
 3345 	 57.357379 
 3346 	 57.392975 
 3347 	 57.428572 
 3348 	 57.410774 
 3349 	 57.446371 
 3350 	 57.446371 
 3351 	 57.944725 
 3352 	 57.944725 
 3353 	 57.499766 
 3354 	 57.517564 
 3355 	 57.517564 
 3356 	 57.535362 
 3357 	 58.015919 
 3358 	 58.193902 
 3359 	 57.553161 
 3360 	 57.588758 
 3361 	 57.624354 
 3362 	 58.104911 
 3363 	 58.051515 
 3364 	 58.051515 
 3365 	 57.659951 
 3366 	 57.659951 
 3367 	 58.193902 
 3368 	 58.193902 
 3369 	 57.677749 
 3370 	 57.713346 
 3371 	 57.748943 
 3372 	 57.748943 
 3373 	 57.766741 
 3374 	 57.784540 
 3375 	 58.300693 
 3376 	 58.247298 
 3377 	 57.820136 
 3378 	 58.318491 
 3379 	 57.837935 
 3380 	 58.336290 
 3381 	 57.873532 
 3382 	 57.891330 
 3383 	 57.909128 
 3384 	 57.891330 
 3385 	 58.443080 
 3386 	 58.247298 
 3387 	 58.371886 
 3388 	 58.496475 
 3389 	 57.944725 
 3390 	 58.478677 
 3391 	 58.443080 
 3392 	 58.407483 
 3393 	 58.443080 
 3394 	 58.478677 
 3395 	 58.051515 
 3396 	 58.443080 
 3397 	 58.460878 
 3398 	 58.532072 
 3399 	 58.532072 
 3400 	 58.104911 
 3401 	 58.549870 
 3402 	 58.140507 
 3403 	 58.140507 
 3404 	 58.158306 
 3405 	 58.567669 
 3406 	 58.176104 
 3407 	 58.816846 
 3408 	 58.176104 
 3409 	 58.193902 
 3410 	 58.211701 
 3411 	 58.193902 
 3412 	 58.211701 
 3413 	 58.211701 
 3414 	 58.229499 
 3415 	 58.229499 
 3416 	 58.247298 
 3417 	 58.265096 
 3418 	 58.265096 
 3419 	 58.265096 
 3420 	 58.300693 
 3421 	 58.710056 
 3422 	 58.727854 
 3423 	 58.300693 
 3424 	 58.336290 
 3425 	 58.336290 
 3426 	 58.354088 
 3427 	 58.888039 
 3428 	 58.816846 
 3429 	 58.354088 
 3430 	 58.816846 
 3431 	 58.389685 
 3432 	 58.407483 
 3433 	 58.407483 
 3434 	 58.888039 
 3435 	 58.425281 
 3436 	 58.425281 
 3437 	 59.066023 
 3438 	 58.941435 
 3439 	 58.443080 
 3440 	 58.941435 
 3441 	 58.478677 
 3442 	 58.888039 
 3443 	 58.834644 
 3444 	 58.923636 
 3445 	 58.977031 
 3446 	 58.994830 
 3447 	 58.959233 
 3448 	 58.532072 
 3449 	 58.977031 
 3450 	 58.532072 
 3451 	 58.532072 
 3452 	 58.532072 
 3453 	 58.549870 
 3454 	 58.567669 
 3455 	 58.585467 
 3456 	 59.030427 
 3457 	 58.585467 
 3458 	 58.567669 
 3459 	 59.012628 
 3460 	 59.012628 
 3461 	 58.621064 
 3462 	 58.621064 
 3463 	 59.101620 
 3464 	 58.638862 
 3465 	 59.066023 
 3466 	 58.674459 
 3467 	 59.066023 
 3468 	 58.834644 
 3469 	 58.674459 
 3470 	 58.674459 
 3471 	 58.638862 
 3472 	 58.656660 
 3473 	 58.656660 
 3474 	 58.674459 
 3475 	 58.692257 
 3476 	 59.172814 
 3477 	 58.727854 
 3478 	 58.692257 
 3479 	 58.692257 
 3480 	 58.977031 
 3481 	 58.674459 
 3482 	 58.710056 
 3483 	 59.208410 
 3484 	 58.710056 
 3485 	 58.710056 
 3486 	 58.727854 
 3487 	 59.155015 
 3488 	 58.763451 
 3489 	 58.727854 
 3490 	 58.745652 
 3491 	 58.727854 
 3492 	 58.727854 
 3493 	 58.745652 
 3494 	 58.763451 
 3495 	 59.066023 
 3496 	 59.048225 
 3497 	 59.172814 
 3498 	 58.763451 
 3499 	 58.763451 
 3500 	 58.763451 
 3501 	 59.261806 
 3502 	 59.350798 
 3503 	 59.208410 
 3504 	 58.745652 
 3505 	 58.781249 
 3506 	 58.816846 
 3507 	 58.799048 
 3508 	 58.799048 
 3509 	 58.763451 
 3510 	 58.781249 
 3511 	 58.781249 
 3512 	 58.799048 
 3513 	 58.799048 
 3514 	 58.781249 
 3515 	 58.834644 
 3516 	 59.404193 
 3517 	 58.763451 
 3518 	 58.781249 
 3519 	 58.799048 
 3520 	 59.279604 
 3521 	 58.710056 
 3522 	 59.261806 
 3523 	 59.208410 
 3524 	 59.297402 
 3525 	 58.781249 
 3526 	 58.816846 
 3527 	 58.763451 
 3528 	 59.208410 
 3529 	 59.297402 
 3530 	 59.226209 
 3531 	 58.799048 
 3532 	 58.799048 
 3533 	 58.799048 
 3534 	 58.781249 
 3535 	 58.781249 
 3536 	 59.279604 
 3537 	 59.261806 
 3538 	 58.781249 
 3539 	 58.781249 
 3540 	 58.763451 
 3541 	 58.816846 
 3542 	 58.763451 
 3543 	 59.244007 
 3544 	 59.101620 
 3545 	 59.208410 
 3546 	 59.012628 
 3547 	 58.781249 
 3548 	 58.781249 
 3549 	 58.745652 
 3550 	 59.190612 
 3551 	 58.763451 
 3552 	 58.763451 
 3553 	 59.190612 
 3554 	 59.172814 
 3555 	 58.745652 
 3556 	 58.763451 
 3557 	 59.244007 
 3558 	 59.119419 
 3559 	 58.727854 
 3560 	 58.745652 
 3561 	 58.710056 
 3562 	 59.226209 
 3563 	 58.727854 
 3564 	 58.727854 
 3565 	 59.226209 
 3566 	 58.727854 
 3567 	 58.745652 
 3568 	 58.710056 
 3569 	 58.710056 
 3570 	 58.692257 
 3571 	 58.710056 
 3572 	 58.692257 
 3573 	 58.692257 
 3574 	 58.692257 
 3575 	 59.101620 
 3576 	 59.101620 
 3577 	 58.674459 
 3578 	 58.656660 
 3579 	 59.172814 
 3580 	 58.638862 
 3581 	 58.621064 
 3582 	 58.674459 
 3583 	 59.101620 
 3584 	 58.638862 
 3585 	 58.638862 
 3586 	 59.066023 
 3587 	 59.048225 
 3588 	 58.603265 
 3589 	 58.638862 
 3590 	 58.621064 
 3591 	 58.603265 
 3592 	 58.870241 
 3593 	 58.567669 
 3594 	 59.066023 
 3595 	 58.585467 
 3596 	 58.549870 
 3597 	 59.083822 
 3598 	 58.603265 
 3599 	 58.549870 
 3600 	 58.549870 
 3601 	 58.977031 
 3602 	 58.549870 
 3603 	 58.959233 
 3604 	 58.532072 
 3605 	 59.030427 
 3606 	 58.496475 
 3607 	 58.532072 
 3608 	 58.905838 
 3609 	 58.496475 
 3610 	 58.496475 
 3611 	 58.478677 
 3612 	 58.478677 
 3613 	 58.443080 
 3614 	 58.923636 
 3615 	 58.834644 
 3616 	 58.923636 
 3617 	 58.425281 
 3618 	 58.407483 
 3619 	 58.852443 
 3620 	 58.371886 
 3621 	 58.870241 
 3622 	 58.834644 
 3623 	 58.300693 
 3624 	 58.371886 
 3625 	 58.781249 
 3626 	 58.852443 
 3627 	 58.799048 
 3628 	 58.318491 
 3629 	 58.336290 
 3630 	 58.336290 
 3631 	 58.318491 
 3632 	 58.318491 
 3633 	 58.318491 
 3634 	 58.781249 
 3635 	 58.247298 
 3636 	 58.282894 
 3637 	 58.318491 
 3638 	 58.674459 
 3639 	 58.834644 
 3640 	 58.229499 
 3641 	 58.247298 
 3642 	 58.211701 
 3643 	 58.193902 
 3644 	 58.193902 
 3645 	 58.193902 
 3646 	 58.549870 
 3647 	 58.158306 
 3648 	 58.710056 
 3649 	 58.158306 
 3650 	 58.656660 
 3651 	 58.104911 
 3652 	 58.140507 
 3653 	 58.532072 
 3654 	 58.603265 
 3655 	 58.567669 
 3656 	 58.104911 
 3657 	 58.051515 
 3658 	 58.051515 
 3659 	 58.549870 
 3660 	 58.033717 
 3661 	 58.033717 
 3662 	 58.033717 
 3663 	 57.998120 
 3664 	 58.460878 
 3665 	 57.998120 
 3666 	 57.980322 
 3667 	 58.354088 
 3668 	 57.962524 
 3669 	 57.944725 
 3670 	 57.926927 
 3671 	 58.443080 
 3672 	 57.909128 
 3673 	 57.909128 
 3674 	 57.891330 
 3675 	 57.909128 
 3676 	 57.891330 
 3677 	 57.837935 
 3678 	 58.300693 
 3679 	 57.802338 
 3680 	 57.837935 
 3681 	 57.837935 
 3682 	 57.820136 
 3683 	 57.784540 
 3684 	 57.784540 
 3685 	 57.784540 
 3686 	 57.766741 
 3687 	 57.731145 
 3688 	 57.731145 
 3689 	 57.731145 
 3690 	 57.713346 
 3691 	 57.731145 
 3692 	 58.015919 
 3693 	 57.659951 
 3694 	 57.659951 
 3695 	 57.659951 
 3696 	 57.624354 
 3697 	 57.624354 
 3698 	 57.624354 
 3699 	 57.588758 
 3700 	 57.624354 
 3701 	 57.517564 
 3702 	 57.909128 
 3703 	 57.553161 
 3704 	 57.535362 
 3705 	 57.820136 
 3706 	 58.051515 
 3707 	 57.464169 
 3708 	 57.517564 
 3709 	 57.802338 
 3710 	 57.909128 
 3711 	 57.909128 
 3712 	 57.428572 
 3713 	 57.410774 
 3714 	 57.392975 
 3715 	 57.873532 
 3716 	 57.375177 
 3717 	 57.392975 
 3718 	 57.855733 
 3719 	 57.748943 
 3720 	 57.339580 
 3721 	 57.339580 
 3722 	 57.303983 
 3723 	 57.873532 
 3724 	 57.268387 
 3725 	 57.766741 
 3726 	 57.250588 
 3727 	 57.232790 
 3728 	 57.677749 
 3729 	 57.197193 
 3730 	 57.659951 
 3731 	 57.570959 
 3732 	 57.161596 
 3733 	 57.659951 
 3734 	 57.606556 
 3735 	 57.624354 
 3736 	 57.090403 
 3737 	 57.517564 
 3738 	 57.446371 
 3739 	 57.072605 
 3740 	 57.553161 
 3741 	 57.037008 
 3742 	 57.037008 
 3743 	 57.410774 
 3744 	 56.983613 
 3745 	 56.983613 
 3746 	 57.250588 
 3747 	 56.930218 
 3748 	 56.948016 
 3749 	 57.392975 
 3750 	 56.930218 
 3751 	 56.894621 
 3752 	 57.357379 
 3753 	 57.268387 
 3754 	 56.841226 
 3755 	 57.232790 
 3756 	 56.823427 
 3757 	 57.072605 
 3758 	 56.770032 
 3759 	 56.787831 
 3760 	 56.770032 
 3761 	 57.214992 
 3762 	 57.143798 
 3763 	 56.716637 
 3764 	 57.197193 
 3765 	 57.090403 
 3766 	 56.663242 
 3767 	 57.143798 
 3768 	 56.592048 
 3769 	 56.627645 
 3770 	 56.592048 
 3771 	 56.592048 
 3772 	 56.574250 
 3773 	 56.556452 
 3774 	 56.965814 
 3775 	 56.965814 
 3776 	 56.503057 
 3777 	 56.503057 
 3778 	 56.467460 
 3779 	 56.431863 
 3780 	 56.431863 
 3781 	 56.449661 
 3782 	 56.396266 
 3783 	 56.396266 
 3784 	 56.752234 
 3785 	 56.360670 
 3786 	 56.841226 
 3787 	 56.770032 
 3788 	 56.823427 
 3789 	 56.307274 
 3790 	 56.289476 
 3791 	 56.716637 
 3792 	 56.752234 
 3793 	 56.236081 
 3794 	 56.236081 
 3795 	 56.520855 
 3796 	 56.681040 
 3797 	 56.164887 
 3798 	 56.627645 
 3799 	 56.129291 
 3800 	 56.129291 
 3801 	 56.093694 
 3802 	 56.058097 
 3803 	 56.058097 
 3804 	 56.075896 
 3805 	 56.022501 
 3806 	 56.058097 
 3807 	 56.396266 
 3808 	 55.986904 
 3809 	 55.986904 
 3810 	 55.969105 
 3811 	 56.467460 
 3812 	 55.897912 
 3813 	 55.880114 
 3814 	 55.880114 
 3815 	 55.880114 
 3816 	 56.289476 
 3817 	 56.307274 
 3818 	 55.826718 
 3819 	 56.236081 
 3820 	 55.791122 
 3821 	 55.773323 
 3822 	 56.147089 
 3823 	 55.702130 
 3824 	 55.702130 
 3825 	 56.218283 
 3826 	 55.702130 
 3827 	 55.648735 
 3828 	 55.684331 
 3829 	 55.915710 
 3830 	 55.648735 
 3831 	 56.004702 
 3832 	 55.595340 
 3833 	 55.541945 
 3834 	 55.986904 
 3835 	 55.541945 
 3836 	 56.004702 
 3837 	 55.488549 
 3838 	 55.470751 
 3839 	 55.488549 
 3840 	 55.915710 
 3841 	 55.470751 
 3842 	 55.506348 
 3843 	 55.737727 
 3844 	 55.808920 
 3845 	 55.684331 
 3846 	 55.808920 
 3847 	 55.328364 
 3848 	 55.328364 
 3849 	 55.328364 
 3850 	 55.755525 
 3851 	 55.257171 
 3852 	 55.880114 
 3853 	 55.221574 
 3854 	 55.666533 
 3855 	 55.168179 
 3856 	 55.185977 
 3857 	 55.150380 
 3858 	 55.150380 
 3859 	 55.114784 
 3860 	 55.114784 
 3861 	 55.061389 
 3862 	 55.702130 
 3863 	 55.079187 
 3864 	 55.061389 
 3865 	 55.025792 
 3866 	 55.452953 
 3867 	 55.417356 
 3868 	 54.972397 
 3869 	 54.954598 
 3870 	 55.435154 
 3871 	 54.901203 
 3872 	 54.901203 
 3873 	 55.399558 
 3874 	 54.883405 
 3875 	 54.847808 
 3876 	 55.328364 
 3877 	 55.221574 
 3878 	 55.292767 
 3879 	 54.776615 
 3880 	 55.221574 
 3881 	 54.723220 
 3882 	 54.723220 
 3883 	 54.741018 
 3884 	 55.114784 
 3885 	 54.705421 
 3886 	 54.919002 
 3887 	 55.114784 
 3888 	 55.061389 
 3889 	 54.563034 
 3890 	 54.616430 
 3891 	 54.491841 
 3892 	 54.598631 
 3893 	 55.168179 
 3894 	 54.972397 
 3895 	 54.527438 
 3896 	 54.509639 
 3897 	 54.474043 
 3898 	 54.990195 
 3899 	 54.456244 
 3900 	 54.438446 
 3901 	 54.438446 
 3902 	 54.901203 
 3903 	 54.420648 
 3904 	 54.402849 
 3905 	 54.830010 
 3906 	 54.349454 
 3907 	 54.349454 
 3908 	 54.296059 
 3909 	 54.634228 
 3910 	 54.278261 
 3911 	 54.296059 
 3912 	 54.260462 
 3913 	 54.278261 
 3914 	 54.705421 
 3915 	 54.207067 
 3916 	 54.207067 
 3917 	 54.224866 
 3918 	 54.171470 
 3919 	 54.171470 
 3920 	 54.652026 
 3921 	 54.135874 
 3922 	 54.118075 
 3923 	 54.100277 
 3924 	 54.082479 
 3925 	 54.064680 
 3926 	 54.064680 
 3927 	 54.046882 
 3928 	 54.278261 
 3929 	 54.011285 
 3930 	 54.046882 
 3931 	 54.474043 
 3932 	 54.438446 
 3933 	 54.402849 
 3934 	 54.420648 
 3935 	 53.904495 
 3936 	 53.922293 
 3937 	 54.402849 
 3938 	 53.886697 
 3939 	 53.851100 
 3940 	 54.046882 
 3941 	 54.260462 
 3942 	 54.331656 
 3943 	 53.815503 
 3944 	 54.313857 
 3945 	 53.779907 
 3946 	 53.797705 
 3947 	 54.313857 
 3948 	 53.762108 
 3949 	 53.762108 
 3950 	 53.744310 
 3951 	 53.708713 
 3952 	 53.708713 
 3953 	 54.029084 
 3954 	 53.690915 
 3955 	 53.673116 
 3956 	 53.637520 
 3957 	 54.046882 
 3958 	 54.118075 
 3959 	 53.566326 
 3960 	 53.601923 
 3961 	 53.993487 
 3962 	 54.029084 
 3963 	 53.566326 
 3964 	 54.046882 
 3965 	 53.530730 
 3966 	 54.046882 
 3967 	 53.512931 
 3968 	 53.673116 
 3969 	 53.797705 
 3970 	 53.495133 
 3971 	 53.940092 
 3972 	 53.477334 
 3973 	 53.957890 
 3974 	 53.851100 
 3975 	 53.851100 
 3976 	 53.886697 
 3977 	 53.815503 
 3978 	 53.406141 
 3979 	 53.388343 
 3980 	 53.762108 
 3981 	 53.352746 
 3982 	 53.779907 
 3983 	 53.334948 
 3984 	 53.655318 
 3985 	 53.299351 
 3986 	 53.762108 
 3987 	 53.299351 
 3988 	 53.655318 
 3989 	 53.299351 
 3990 	 53.655318 
 3991 	 53.263754 
 3992 	 53.228158 
 3993 	 53.744310 
 3994 	 53.228158 
 3995 	 53.210359 
 3996 	 53.690915 
 3997 	 53.637520 
 3998 	 53.601923 
 3999 	 53.174762 
 4000 	 53.174762 
 4001 	 53.548528 
 4002 	 53.673116 
 4003 	 53.584125 
 4004 	 53.139166 
 4005 	 53.085771 
 4006 	 53.566326 
 4007 	 53.512931 
 4008 	 53.121367 
 4009 	 53.459536 
 4010 	 53.067972 
 4011 	 53.548528 
 4012 	 53.050174 
 4013 	 53.032376 
 4014 	 53.032376 
 4015 	 53.014577 
 4016 	 53.477334 
 4017 	 53.014577 
 4018 	 53.014577 
 4019 	 53.299351 
 4020 	 52.961182 
 4021 	 52.978981 
 4022 	 53.477334 
 4023 	 53.406141 
 4024 	 52.943384 
 4025 	 52.961182 
 4026 	 52.943384 
 4027 	 52.961182 
 4028 	 52.943384 
 4029 	 52.943384 
 4030 	 53.317149 
 4031 	 52.907787 
 4032 	 52.925585 
 4033 	 52.907787 
 4034 	 52.872190 
 4035 	 52.889989 
 4036 	 52.872190 
 4037 	 53.156964 
 4038 	 52.872190 
 4039 	 53.192561 
 4040 	 52.836594 
 4041 	 52.836594 
 4042 	 52.836594 
 4043 	 52.907787 
 4044 	 52.836594 
 4045 	 52.818795 
 4046 	 52.818795 
 4047 	 52.800997 
 4048 	 53.228158 
 4049 	 52.818795 
 4050 	 53.263754 
 4051 	 53.245956 
 4052 	 52.783199 
 4053 	 52.783199 
 4054 	 52.747602 
 4055 	 52.765400 
 4056 	 52.783199 
 4057 	 53.245956 
 4058 	 53.174762 
 4059 	 52.783199 
 4060 	 52.747602 
 4061 	 52.765400 
 4062 	 52.747602 
 4063 	 53.174762 
 4064 	 53.228158 
 4065 	 52.712005 
 4066 	 53.174762 
 4067 	 53.192561 
 4068 	 52.729804 
 4069 	 52.729804 
 4070 	 52.694207 
 4071 	 53.174762 
 4072 	 52.694207 
 4073 	 52.694207 
 4074 	 53.174762 
 4075 	 52.978981 
 4076 	 52.694207 
 4077 	 53.085771 
 4078 	 52.676409 
 4079 	 53.050174 
 4080 	 52.694207 
 4081 	 53.174762 
 4082 	 53.174762 
 4083 	 52.658610 
 4084 	 52.694207 
 4085 	 53.067972 
 4086 	 52.658610 
 4087 	 52.658610 
 4088 	 52.658610 
 4089 	 53.121367 
 4090 	 52.658610 
 4091 	 53.121367 
 4092 	 53.050174 
 4093 	 52.640812 
 4094 	 52.640812 
 4095 	 52.658610 
 4096 	 52.640812 
 4097 	 52.587417 
 4098 	 52.640812 
 4099 	 52.658610 
 4100 	 53.067972 
 4101 	 52.640812 
 4102 	 52.640812 
 4103 	 52.640812 
 4104 	 52.640812 
 4105 	 53.085771 
 4106 	 52.640812 
 4107 	 52.640812 
 4108 	 52.961182 
 4109 	 53.067972 
 4110 	 52.640812 
 4111 	 52.658610 
 4112 	 52.676409 
 4113 	 52.640812 
 4114 	 53.139166 
 4115 	 53.139166 
 4116 	 52.640812 
 4117 	 53.103569 
 4118 	 52.658610 
 4119 	 52.729804 
 4120 	 52.658610 
 4121 	 52.623013 
 4122 	 52.623013 
 4123 	 52.640812 
 4124 	 52.623013 
 4125 	 52.623013 
 4126 	 53.067972 
 4127 	 53.085771 
 4128 	 52.640812 
 4129 	 53.103569 
 4130 	 52.658610 
 4131 	 52.676409 
 4132 	 52.640812 
 4133 	 52.640812 
 4134 	 53.139166 
 4135 	 53.192561 
 4136 	 52.676409 
 4137 	 52.676409 
 4138 	 53.103569 
 4139 	 52.640812 
 4140 	 53.067972 
 4141 	 52.712005 
 4142 	 52.640812 
 4143 	 52.676409 
 4144 	 52.694207 
 4145 	 52.658610 
 4146 	 53.156964 
 4147 	 52.676409 
 4148 	 52.694207 
 4149 	 52.694207 
 4150 	 52.694207 
 4151 	 53.121367 
 4152 	 52.712005 
 4153 	 52.712005 
 4154 	 52.712005 
 4155 	 52.729804 
 4156 	 53.156964 
 4157 	 52.729804 
 4158 	 52.747602 
 4159 	 52.712005 
 4160 	 52.712005 
 4161 	 52.729804 
 4162 	 52.747602 
 4163 	 52.729804 
 4164 	 52.729804 
 4165 	 52.747602 
 4166 	 53.174762 
 4167 	 53.245956 
 4168 	 52.729804 
 4169 	 53.263754 
 4170 	 52.800997 
 4171 	 52.765400 
 4172 	 52.765400 
 4173 	 52.800997 
 4174 	 52.783199 
 4175 	 53.210359 
 4176 	 52.783199 
 4177 	 52.783199 
 4178 	 52.818795 
 4179 	 52.800997 
 4180 	 53.245956 
 4181 	 52.854392 
 4182 	 52.836594 
 4183 	 52.800997 
 4184 	 52.836594 
 4185 	 53.299351 
 4186 	 52.836594 
 4187 	 52.872190 
 4188 	 52.854392 
 4189 	 52.854392 
 4190 	 52.872190 
 4191 	 53.299351 
 4192 	 52.872190 
 4193 	 52.925585 
 4194 	 52.907787 
 4195 	 52.907787 
 4196 	 52.907787 
 4197 	 52.925585 
 4198 	 52.925585 
 4199 	 52.943384 
 4200 	 52.907787 
 4201 	 52.943384 
 4202 	 53.423939 
 4203 	 53.459536 
 4204 	 52.961182 
 4205 	 52.996779 
 4206 	 53.477334 
 4207 	 53.388343 
 4208 	 53.441738 
 4209 	 52.996779 
 4210 	 53.014577 
 4211 	 52.996779 
 4212 	 53.459536 
 4213 	 53.050174 
 4214 	 53.637520 
 4215 	 53.050174 
 4216 	 53.050174 
 4217 	 53.548528 
 4218 	 53.050174 
 4219 	 52.996779 
 4220 	 53.085771 
 4221 	 53.566326 
 4222 	 53.085771 
 4223 	 53.103569 
 4224 	 53.495133 
 4225 	 53.103569 
 4226 	 53.637520 
 4227 	 53.530730 
 4228 	 53.441738 
 4229 	 53.174762 
 4230 	 53.601923 
 4231 	 53.174762 
 4232 	 53.192561 
 4233 	 53.673116 
 4234 	 53.228158 
 4235 	 53.210359 
 4236 	 53.156964 
 4237 	 53.245956 
 4238 	 53.263754 
 4239 	 53.281553 
 4240 	 53.744310 
 4241 	 53.281553 
 4242 	 53.281553 
 4243 	 53.744310 
 4244 	 53.762108 
 4245 	 53.779907 
 4246 	 53.744310 
 4247 	 53.352746 
 4248 	 53.779907 
 4249 	 53.352746 
 4250 	 53.352746 
 4251 	 53.406141 
 4252 	 53.406141 
 4253 	 53.388343 
 4254 	 53.851100 
 4255 	 53.904495 
 4256 	 53.406141 
 4257 	 53.423939 
 4258 	 53.922293 
 4259 	 53.423939 
 4260 	 54.064680 
 4261 	 53.922293 
 4262 	 53.957890 
 4263 	 53.940092 
 4264 	 53.512931 
 4265 	 53.530730 
 4266 	 54.011285 
 4267 	 53.548528 
 4268 	 54.011285 
 4269 	 53.548528 
 4270 	 53.957890 
 4271 	 53.601923 
 4272 	 53.601923 
 4273 	 53.584125 
 4274 	 54.046882 
 4275 	 54.046882 
 4276 	 54.100277 
 4277 	 53.886697 
 4278 	 53.673116 
 4279 	 53.673116 
 4280 	 54.171470 
 4281 	 53.673116 
 4282 	 54.242664 
 4283 	 54.207067 
 4284 	 53.726511 
 4285 	 54.171470 
 4286 	 54.278261 
 4287 	 53.762108 
 4288 	 53.762108 
 4289 	 54.135874 
 4290 	 53.815503 
 4291 	 53.815503 
 4292 	 54.260462 
 4293 	 53.833302 
 4294 	 53.833302 
 4295 	 53.851100 
 4296 	 53.868898 
 4297 	 53.868898 
 4298 	 53.922293 
 4299 	 53.904495 
 4300 	 53.904495 
 4301 	 53.922293 
 4302 	 53.940092 
 4303 	 53.993487 
 4304 	 53.975689 
 4305 	 53.993487 
 4306 	 53.993487 
 4307 	 54.029084 
 4308 	 54.029084 
 4309 	 54.527438 
 4310 	 54.491841 
 4311 	 54.545236 
 4312 	 54.064680 
 4313 	 54.100277 
 4314 	 54.082479 
 4315 	 54.118075 
 4316 	 54.135874 
 4317 	 54.153672 
 4318 	 54.153672 
 4319 	 54.171470 
 4320 	 54.171470 
 4321 	 54.189269 
 4322 	 54.224866 
 4323 	 54.794413 
 4324 	 54.260462 
 4325 	 54.278261 
 4326 	 54.723220 
 4327 	 54.296059 
 4328 	 54.278261 
 4329 	 54.331656 
 4330 	 54.776615 
 4331 	 54.331656 
 4332 	 54.758816 
 4333 	 54.349454 
 4334 	 54.741018 
 4335 	 54.420648 
 4336 	 54.402849 
 4337 	 54.420648 
 4338 	 54.420648 
 4339 	 54.438446 
 4340 	 54.954598 
 4341 	 54.901203 
 4342 	 54.990195 
 4343 	 54.491841 
 4344 	 54.527438 
 4345 	 54.919002 
 4346 	 54.563034 
 4347 	 55.007994 
 4348 	 54.598631 
 4349 	 54.616430 
 4350 	 54.598631 
 4351 	 54.616430 
 4352 	 54.634228 
 4353 	 54.669825 
 4354 	 55.114784 
 4355 	 55.185977 
 4356 	 54.723220 
 4357 	 54.687623 
 4358 	 54.741018 
 4359 	 54.723220 
 4360 	 54.758816 
 4361 	 54.776615 
 4362 	 55.221574 
 4363 	 54.812212 
 4364 	 55.346163 
 4365 	 55.274969 
 4366 	 55.488549 
 4367 	 55.096985 
 4368 	 54.883405 
 4369 	 55.328364 
 4370 	 54.919002 
 4371 	 54.936800 
 4372 	 54.936800 
 4373 	 55.470751 
 4374 	 55.452953 
 4375 	 55.007994 
 4376 	 55.025792 
 4377 	 55.061389 
 4378 	 55.025792 
 4379 	 55.061389 
 4380 	 55.096985 
 4381 	 55.096985 
 4382 	 55.096985 
 4383 	 55.132582 
 4384 	 55.168179 
 4385 	 55.648735 
 4386 	 55.168179 
 4387 	 55.203776 
 4388 	 55.719928 
 4389 	 55.239372 
 4390 	 55.239372 
 4391 	 55.239372 
 4392 	 55.274969 
 4393 	 55.719928 
 4394 	 55.310566 
 4395 	 55.328364 
 4396 	 55.310566 
 4397 	 55.363961 
 4398 	 55.381759 
 4399 	 55.613138 
 4400 	 55.880114 
 4401 	 55.737727 
 4402 	 55.915710 
 4403 	 55.452953 
 4404 	 56.058097 
 4405 	 55.933509 
 4406 	 55.488549 
 4407 	 55.969105 
 4408 	 55.986904 
 4409 	 55.577541 
 4410 	 55.595340 
 4411 	 55.577541 
 4412 	 55.595340 
 4413 	 56.093694 
 4414 	 55.666533 
 4415 	 56.111492 
 4416 	 55.648735 
 4417 	 55.666533 
 4418 	 55.719928 
 4419 	 55.719928 
 4420 	 55.773323 
 4421 	 55.773323 
 4422 	 56.414065 
 4423 	 55.808920 
 4424 	 55.826718 
 4425 	 55.791122 
 4426 	 56.271678 
 4427 	 55.862315 
 4428 	 55.880114 
 4429 	 55.897912 
 4430 	 55.951307 
 4431 	 55.933509 
 4432 	 56.396266 
 4433 	 55.969105 
 4434 	 56.485258 
 4435 	 56.004702 
 4436 	 56.431863 
 4437 	 56.040299 
 4438 	 56.556452 
 4439 	 56.663242 
 4440 	 56.058097 
 4441 	 56.592048 
 4442 	 56.592048 
 4443 	 56.147089 
 4444 	 56.164887 
 4445 	 56.645444 
 4446 	 56.627645 
 4447 	 56.627645 
 4448 	 56.236081 
 4449 	 56.236081 
 4450 	 56.716637 
 4451 	 56.681040 
 4452 	 56.271678 
 4453 	 56.307274 
 4454 	 56.307274 
 4455 	 56.360670 
 4456 	 56.378468 
 4457 	 56.378468 
 4458 	 56.378468 
 4459 	 56.396266 
 4460 	 56.431863 
 4461 	 56.449661 
 4462 	 56.449661 
 4463 	 56.948016 
 4464 	 56.930218 
 4465 	 56.467460 
 4466 	 57.037008 
 4467 	 57.001411 
 4468 	 56.574250 
 4469 	 56.592048 
 4470 	 57.054806 
 4471 	 56.983613 
 4472 	 56.627645 
 4473 	 56.627645 
 4474 	 56.663242 
 4475 	 56.663242 
 4476 	 57.143798 
 4477 	 56.698839 
 4478 	 57.161596 
 4479 	 57.250588 
 4480 	 56.752234 
 4481 	 57.214992 
 4482 	 57.286185 
 4483 	 56.787831 
 4484 	 56.805629 
 4485 	 56.841226 
 4486 	 56.841226 
 4487 	 57.339580 
 4488 	 56.876822 
 4489 	 56.965814 
 4490 	 56.912419 
 4491 	 56.912419 
 4492 	 57.375177 
 4493 	 56.965814 
 4494 	 56.983613 
 4495 	 56.983613 
 4496 	 56.983613 
 4497 	 57.481967 
 4498 	 57.037008 
 4499 	 57.375177 
 4500 	 57.553161 
 4501 	 57.090403 
 4502 	 57.553161 
 4503 	 57.108201 
 4504 	 57.143798 
 4505 	 57.161596 
 4506 	 57.161596 
 4507 	 57.179395 
 4508 	 57.659951 
 4509 	 57.642153 
 4510 	 57.232790 
 4511 	 57.250588 
 4512 	 57.232790 
 4513 	 57.250588 
 4514 	 57.784540 
 4515 	 57.731145 
 4516 	 57.303983 
 4517 	 57.321782 
 4518 	 57.357379 
 4519 	 57.784540 
 4520 	 57.339580 
 4521 	 57.392975 
 4522 	 57.375177 
 4523 	 57.375177 
 4524 	 57.855733 
 4525 	 57.784540 
 4526 	 58.015919 
 4527 	 58.033717 
 4528 	 57.891330 
 4529 	 57.481967 
 4530 	 57.802338 
 4531 	 57.926927 
 4532 	 57.998120 
 4533 	 57.553161 
 4534 	 58.069314 
 4535 	 57.588758 
 4536 	 58.033717 
 4537 	 57.606556 
 4538 	 58.122709 
 4539 	 57.624354 
 4540 	 58.104911 
 4541 	 57.659951 
 4542 	 57.677749 
 4543 	 58.140507 
 4544 	 57.695548 
 4545 	 57.677749 
 4546 	 57.731145 
 4547 	 57.748943 
 4548 	 57.802338 
 4549 	 57.766741 
 4550 	 57.784540 
 4551 	 57.784540 
 4552 	 57.802338 
 4553 	 57.802338 
 4554 	 57.837935 
 4555 	 57.837935 
 4556 	 57.837935 
 4557 	 57.820136 
 4558 	 57.873532 
 4559 	 58.300693 
 4560 	 57.980322 
 4561 	 57.891330 
 4562 	 58.407483 
 4563 	 57.909128 
 4564 	 57.944725 
 4565 	 58.443080 
 4566 	 57.944725 
 4567 	 57.962524 
 4568 	 57.980322 
 4569 	 58.443080 
 4570 	 58.015919 
 4571 	 58.193902 
 4572 	 58.015919 
 4573 	 58.532072 
 4574 	 58.496475 
 4575 	 58.051515 
 4576 	 58.496475 
 4577 	 58.727854 
 4578 	 58.567669 
 4579 	 58.104911 
 4580 	 58.710056 
 4581 	 58.567669 
 4582 	 58.104911 
 4583 	 58.122709 
 4584 	 58.585467 
 4585 	 58.158306 
 4586 	 58.158306 
 4587 	 58.176104 
 4588 	 58.638862 
 4589 	 58.193902 
 4590 	 58.193902 
 4591 	 58.621064 
 4592 	 58.211701 
 4593 	 58.745652 
 4594 	 58.229499 
 4595 	 58.229499 
 4596 	 58.674459 
 4597 	 58.265096 
 4598 	 58.781249 
 4599 	 58.265096 
 4600 	 58.300693 
 4601 	 58.300693 
 4602 	 58.692257 
 4603 	 58.781249 
 4604 	 58.336290 
 4605 	 58.318491 
 4606 	 58.799048 
 4607 	 58.300693 
 4608 	 58.354088 
 4609 	 58.336290 
 4610 	 58.781249 
 4611 	 58.389685 
 4612 	 58.852443 
 4613 	 58.371886 
 4614 	 58.816846 
 4615 	 58.834644 
 4616 	 58.389685 
 4617 	 58.745652 
 4618 	 58.389685 
 4619 	 58.888039 
 4620 	 58.443080 
 4621 	 58.425281 
 4622 	 58.460878 
 4623 	 58.443080 
 4624 	 58.443080 
 4625 	 58.443080 
 4626 	 58.496475 
 4627 	 58.460878 
 4628 	 58.496475 
 4629 	 58.781249 
 4630 	 58.959233 
 4631 	 58.496475 
 4632 	 58.496475 
 4633 	 58.514273 
 4634 	 58.496475 
 4635 	 58.496475 
 4636 	 58.514273 
 4637 	 58.514273 
 4638 	 58.941435 
 4639 	 58.870241 
 4640 	 58.532072 
 4641 	 58.549870 
 4642 	 58.532072 
 4643 	 58.994830 
 4644 	 58.549870 
 4645 	 58.514273 
 4646 	 58.549870 
 4647 	 58.567669 
 4648 	 58.603265 
 4649 	 58.567669 
 4650 	 58.549870 
 4651 	 59.066023 
 4652 	 58.567669 
 4653 	 59.030427 
 4654 	 58.994830 
 4655 	 58.603265 
 4656 	 58.977031 
 4657 	 58.585467 
 4658 	 58.603265 
 4659 	 58.585467 
 4660 	 58.603265 
 4661 	 58.977031 
 4662 	 58.621064 
 4663 	 58.621064 
 4664 	 58.638862 
 4665 	 58.603265 
 4666 	 59.030427 
 4667 	 59.048225 
 4668 	 59.066023 
 4669 	 58.603265 
 4670 	 58.638862 
 4671 	 58.567669 
 4672 	 59.066023 
 4673 	 59.083822 
 4674 	 59.101620 
 4675 	 58.638862 
 4676 	 58.638862 
 4677 	 58.638862 
 4678 	 59.030427 
 4679 	 59.137217 
 4680 	 59.119419 
 4681 	 58.638862 
 4682 	 58.638862 
 4683 	 58.621064 
 4684 	 59.030427 
 4685 	 58.621064 
 4686 	 59.083822 
 4687 	 58.638862 
 4688 	 59.083822 
 4689 	 59.119419 
 4690 	 58.656660 
 4691 	 58.603265 
 4692 	 58.638862 
 4693 	 58.621064 
 4694 	 58.638862 
 4695 	 58.621064 
 4696 	 58.603265 
 4697 	 58.621064 
 4698 	 58.621064 
 4699 	 58.638862 
 4700 	 58.603265 
 4701 	 58.621064 
 4702 	 58.638862 
 4703 	 58.621064 
 4704 	 58.585467 
 4705 	 59.048225 
 4706 	 59.066023 
 4707 	 58.585467 
 4708 	 58.603265 
 4709 	 58.621064 
 4710 	 58.603265 
 4711 	 59.083822 
 4712 	 59.083822 
 4713 	 58.621064 
 4714 	 58.621064 
 4715 	 58.603265 
 4716 	 59.030427 
 4717 	 58.567669 
 4718 	 58.567669 
 4719 	 58.585467 
 4720 	 58.549870 
 4721 	 58.941435 
 4722 	 58.585467 
 4723 	 58.567669 
 4724 	 58.532072 
 4725 	 58.941435 
 4726 	 58.977031 
 4727 	 58.532072 
 4728 	 58.532072 
 4729 	 58.514273 
 4730 	 58.905838 
 4731 	 58.532072 
 4732 	 58.532072 
 4733 	 58.977031 
 4734 	 58.852443 
 4735 	 58.888039 
 4736 	 58.514273 
 4737 	 58.478677 
 4738 	 58.478677 
 4739 	 58.478677 
 4740 	 59.119419 
 4741 	 58.460878 
 4742 	 58.478677 
 4743 	 58.478677 
 4744 	 58.460878 
 4745 	 58.443080 
 4746 	 58.443080 
 4747 	 58.656660 
 4748 	 58.923636 
 4749 	 58.425281 
 4750 	 58.443080 
 4751 	 58.460878 
 4752 	 58.389685 
 4753 	 58.923636 
 4754 	 58.407483 
 4755 	 58.407483 
 4756 	 58.407483 
 4757 	 58.371886 
 4758 	 58.888039 
 4759 	 58.799048 
 4760 	 58.745652 
 4761 	 58.371886 
 4762 	 58.389685 
 4763 	 58.389685 
 4764 	 58.336290 
 4765 	 58.354088 
 4766 	 58.354088 
 4767 	 58.318491 
 4768 	 58.710056 
 4769 	 58.318491 
 4770 	 58.300693 
 4771 	 58.282894 
 4772 	 58.781249 
 4773 	 58.799048 
 4774 	 58.265096 
 4775 	 58.265096 
 4776 	 58.265096 
 4777 	 58.567669 
 4778 	 58.727854 
 4779 	 58.211701 
 4780 	 58.229499 
 4781 	 58.193902 
 4782 	 58.229499 
 4783 	 58.193902 
 4784 	 58.193902 
 4785 	 58.656660 
 4786 	 58.621064 
 4787 	 58.140507 
 4788 	 58.140507 
 4789 	 58.176104 
 4790 	 58.140507 
 4791 	 58.104911 
 4792 	 58.514273 
 4793 	 58.087112 
 4794 	 58.104911 
 4795 	 58.069314 
 4796 	 58.549870 
 4797 	 58.585467 
 4798 	 58.532072 
 4799 	 58.033717 