tau = 2min

t(10^-1 s) Temperature(˚C) 
 0 	 55.598834 
 1 	 55.257663 
 2 	 55.274722 
 3 	 55.257663 
 4 	 55.632952 
 5 	 55.530600 
 6 	 55.598834 
 7 	 55.223546 
 8 	 55.632952 
 9 	 55.650010 
 10 	 55.615893 
 11 	 55.530600 
 12 	 55.189429 
 13 	 55.223546 
 14 	 55.223546 
 15 	 55.547659 
 16 	 55.172370 
 17 	 55.530600 
 18 	 55.206488 
 19 	 55.189429 
 20 	 55.581776 
 21 	 55.513542 
 22 	 55.479425 
 23 	 55.735303 
 24 	 55.530600 
 25 	 55.496483 
 26 	 55.189429 
 27 	 55.189429 
 28 	 55.428249 
 29 	 55.172370 
 30 	 55.155312 
 31 	 55.121195 
 32 	 55.155312 
 33 	 55.479425 
 34 	 55.121195 
 35 	 55.428249 
 36 	 55.513542 
 37 	 55.121195 
 38 	 55.104136 
 39 	 55.070019 
 40 	 55.104136 
 41 	 55.087078 
 42 	 55.070019 
 43 	 55.530600 
 44 	 55.479425 
 45 	 55.087078 
 46 	 55.070019 
 47 	 55.070019 
 48 	 55.411190 
 49 	 55.070019 
 50 	 55.035902 
 51 	 55.445307 
 52 	 55.035902 
 53 	 55.052960 
 54 	 55.325897 
 55 	 55.018843 
 56 	 55.018843 
 57 	 55.001785 
 58 	 55.411190 
 59 	 54.984726 
 60 	 55.360015 
 61 	 54.984726 
 62 	 55.001785 
 63 	 54.950609 
 64 	 54.967668 
 65 	 55.394132 
 66 	 55.308839 
 67 	 54.967668 
 68 	 55.308839 
 69 	 55.240605 
 70 	 54.950609 
 71 	 54.916492 
 72 	 54.933551 
 73 	 54.882375 
 74 	 55.308839 
 75 	 55.274722 
 76 	 55.274722 
 77 	 55.240605 
 78 	 55.189429 
 79 	 54.848258 
 80 	 54.848258 
 81 	 55.257663 
 82 	 54.865316 
 83 	 54.762965 
 84 	 55.189429 
 85 	 54.831199 
 86 	 54.814141 
 87 	 55.104136 
 88 	 54.762965 
 89 	 54.762965 
 90 	 54.762965 
 91 	 54.745906 
 92 	 54.780024 
 93 	 54.762965 
 94 	 54.711789 
 95 	 55.138253 
 96 	 55.104136 
 97 	 54.728848 
 98 	 54.694731 
 99 	 55.087078 
 100 	 54.694731 
 101 	 55.018843 
 102 	 54.660614 
 103 	 54.694731 
 104 	 54.643555 
 105 	 54.984726 
 106 	 55.001785 
 107 	 54.643555 
 108 	 54.592379 
 109 	 54.933551 
 110 	 54.950609 
 111 	 54.626496 
 112 	 54.967668 
 113 	 54.575321 
 114 	 54.882375 
 115 	 54.899433 
 116 	 55.035902 
 117 	 54.507087 
 118 	 54.848258 
 119 	 54.541204 
 120 	 54.507087 
 121 	 54.490028 
 122 	 54.490028 
 123 	 54.848258 
 124 	 54.814141 
 125 	 54.455911 
 126 	 54.472969 
 127 	 54.455911 
 128 	 54.455911 
 129 	 54.814141 
 130 	 54.762965 
 131 	 54.780024 
 132 	 54.404735 
 133 	 54.404735 
 134 	 54.370618 
 135 	 54.780024 
 136 	 54.353560 
 137 	 54.370618 
 138 	 54.370618 
 139 	 54.711789 
 140 	 54.711789 
 141 	 54.711789 
 142 	 54.660614 
 143 	 54.285325 
 144 	 54.285325 
 145 	 54.728848 
 146 	 54.711789 
 147 	 54.626496 
 148 	 54.234150 
 149 	 54.575321 
 150 	 54.234150 
 151 	 54.234150 
 152 	 54.182974 
 153 	 54.217091 
 154 	 54.165915 
 155 	 54.200033 
 156 	 54.165915 
 157 	 54.165915 
 158 	 54.455911 
 159 	 54.490028 
 160 	 54.404735 
 161 	 54.114740 
 162 	 54.455911 
 163 	 54.080623 
 164 	 54.063564 
 165 	 54.353560 
 166 	 54.387677 
 167 	 54.029447 
 168 	 54.387677 
 169 	 54.012388 
 170 	 54.353560 
 171 	 53.995330 
 172 	 54.370618 
 173 	 54.370618 
 174 	 53.944154 
 175 	 53.944154 
 176 	 54.285325 
 177 	 53.875920 
 178 	 53.875920 
 179 	 53.892978 
 180 	 53.892978 
 181 	 53.824744 
 182 	 54.268267 
 183 	 53.841803 
 184 	 53.841803 
 185 	 54.200033 
 186 	 54.114740 
 187 	 54.114740 
 188 	 53.790627 
 189 	 53.773569 
 190 	 53.739451 
 191 	 54.131798 
 192 	 54.114740 
 193 	 53.705334 
 194 	 54.114740 
 195 	 54.063564 
 196 	 53.995330 
 197 	 54.063564 
 198 	 53.602983 
 199 	 53.620042 
 200 	 53.978271 
 201 	 53.602983 
 202 	 53.944154 
 203 	 53.585924 
 204 	 53.551807 
 205 	 53.568866 
 206 	 53.551807 
 207 	 53.944154 
 208 	 53.500632 
 209 	 53.500632 
 210 	 54.046506 
 211 	 53.892978 
 212 	 53.790627 
 213 	 53.739451 
 214 	 53.773569 
 215 	 53.807686 
 216 	 53.790627 
 217 	 53.449456 
 218 	 53.398280 
 219 	 53.705334 
 220 	 53.381222 
 221 	 53.364163 
 222 	 53.637100 
 223 	 53.739451 
 224 	 53.739451 
 225 	 53.295929 
 226 	 53.671217 
 227 	 53.688276 
 228 	 53.261812 
 229 	 53.261812 
 230 	 53.210636 
 231 	 53.244753 
 232 	 53.637100 
 233 	 53.193578 
 234 	 53.210636 
 235 	 53.176519 
 236 	 53.585924 
 237 	 53.142402 
 238 	 53.466515 
 239 	 53.091226 
 240 	 53.108285 
 241 	 53.483573 
 242 	 53.091226 
 243 	 53.364163 
 244 	 53.415339 
 245 	 53.040051 
 246 	 53.432397 
 247 	 53.022992 
 248 	 53.330046 
 249 	 52.971816 
 250 	 52.954758 
 251 	 53.364163 
 252 	 53.295929 
 253 	 52.886524 
 254 	 52.903582 
 255 	 52.886524 
 256 	 53.278870 
 257 	 53.227695 
 258 	 52.869465 
 259 	 52.852407 
 260 	 53.210636 
 261 	 53.176519 
 262 	 52.801231 
 263 	 53.091226 
 264 	 52.767114 
 265 	 53.091226 
 266 	 53.005934 
 267 	 53.005934 
 268 	 53.091226 
 269 	 52.681821 
 270 	 53.057109 
 271 	 53.022992 
 272 	 53.005934 
 273 	 53.022992 
 274 	 52.630645 
 275 	 52.971816 
 276 	 52.596528 
 277 	 52.579470 
 278 	 52.937699 
 279 	 52.545353 
 280 	 52.494177 
 281 	 52.886524 
 282 	 52.528294 
 283 	 52.818289 
 284 	 52.852407 
 285 	 52.477118 
 286 	 52.460060 
 287 	 52.443001 
 288 	 52.801231 
 289 	 52.784172 
 290 	 52.767114 
 291 	 52.374767 
 292 	 52.374767 
 293 	 52.374767 
 294 	 52.357708 
 295 	 52.306533 
 296 	 52.664762 
 297 	 52.306533 
 298 	 52.306533 
 299 	 52.272416 
 300 	 52.272416 
 301 	 52.289474 
 302 	 52.681821 
 303 	 52.221240 
 304 	 52.221240 
 305 	 52.613587 
 306 	 52.545353 
 307 	 52.528294 
 308 	 52.204181 
 309 	 52.170064 
 310 	 52.135947 
 311 	 52.425943 
 312 	 52.511235 
 313 	 52.118889 
 314 	 52.391826 
 315 	 52.118889 
 316 	 52.067713 
 317 	 52.033596 
 318 	 52.033596 
 319 	 52.033596 
 320 	 52.016537 
 321 	 52.357708 
 322 	 51.999479 
 323 	 52.374767 
 324 	 51.948303 
 325 	 51.948303 
 326 	 52.340650 
 327 	 51.897127 
 328 	 52.238299 
 329 	 51.897127 
 330 	 52.255357 
 331 	 52.204181 
 332 	 52.135947 
 333 	 51.828893 
 334 	 51.863010 
 335 	 52.187123 
 336 	 52.118889 
 337 	 51.760659 
 338 	 52.118889 
 339 	 51.777718 
 340 	 51.760659 
 341 	 52.153006 
 342 	 52.050654 
 343 	 52.101830 
 344 	 52.084772 
 345 	 51.641249 
 346 	 52.050654 
 347 	 51.624191 
 348 	 51.675366 
 349 	 51.590073 
 350 	 51.828893 
 351 	 51.607132 
 352 	 51.590073 
 353 	 51.590073 
 354 	 51.590073 
 355 	 51.914186 
 356 	 51.521839 
 357 	 51.504781 
 358 	 51.897127 
 359 	 51.487722 
 360 	 51.504781 
 361 	 51.487722 
 362 	 51.863010 
 363 	 51.487722 
 364 	 51.470664 
 365 	 51.436547 
 366 	 51.419488 
 367 	 51.777718 
 368 	 51.794776 
 369 	 51.948303 
 370 	 51.351254 
 371 	 51.385371 
 372 	 51.351254 
 373 	 51.351254 
 374 	 51.658308 
 375 	 51.300078 
 376 	 51.317137 
 377 	 51.709483 
 378 	 51.300078 
 379 	 51.692425 
 380 	 51.197727 
 381 	 51.265961 
 382 	 51.624191 
 383 	 51.231844 
 384 	 51.231844 
 385 	 51.180668 
 386 	 51.214785 
 387 	 51.214785 
 388 	 51.590073 
 389 	 51.521839 
 390 	 51.487722 
 391 	 51.146551 
 392 	 51.146551 
 393 	 51.146551 
 394 	 51.453605 
 395 	 51.453605 
 396 	 51.078317 
 397 	 51.419488 
 398 	 51.078317 
 399 	 51.453605 
 400 	 51.061258 
 401 	 51.351254 
 402 	 51.385371 
 403 	 50.958907 
 404 	 51.027141 
 405 	 51.402429 
 406 	 50.993024 
 407 	 50.958907 
 408 	 51.351254 
 409 	 51.385371 
 410 	 50.993024 
 411 	 51.300078 
 412 	 50.924790 
 413 	 50.941849 
 414 	 51.283020 
 415 	 51.214785 
 416 	 51.180668 
 417 	 51.214785 
 418 	 50.873614 
 419 	 50.907731 
 420 	 50.839497 
 421 	 50.839497 
 422 	 50.822439 
 423 	 50.856556 
 424 	 51.214785 
 425 	 51.129493 
 426 	 51.129493 
 427 	 51.112434 
 428 	 50.771263 
 429 	 50.788322 
 430 	 50.771263 
 431 	 50.737146 
 432 	 50.737146 
 433 	 51.112434 
 434 	 51.146551 
 435 	 51.095375 
 436 	 51.027141 
 437 	 50.975966 
 438 	 50.703029 
 439 	 50.720087 
 440 	 51.010083 
 441 	 50.651853 
 442 	 50.668912 
 443 	 51.044200 
 444 	 50.634795 
 445 	 51.027141 
 446 	 50.634795 
 447 	 50.993024 
 448 	 50.617736 
 449 	 50.975966 
 450 	 50.600677 
 451 	 50.941849 
 452 	 50.600677 
 453 	 50.941849 
 454 	 50.958907 
 455 	 50.890673 
 456 	 50.532443 
 457 	 50.566560 
 458 	 50.549502 
 459 	 50.873614 
 460 	 50.873614 
 461 	 50.532443 
 462 	 50.515385 
 463 	 50.890673 
 464 	 50.822439 
 465 	 50.532443 
 466 	 50.481268 
 467 	 50.822439 
 468 	 50.481268 
 469 	 50.822439 
 470 	 50.464209 
 471 	 50.788322 
 472 	 50.447151 
 473 	 50.464209 
 474 	 50.771263 
 475 	 50.464209 
 476 	 50.447151 
 477 	 50.413033 
 478 	 50.447151 
 479 	 50.395975 
 480 	 50.413033 
 481 	 50.754204 
 482 	 50.378916 
 483 	 50.395975 
 484 	 50.413033 
 485 	 50.361858 
 486 	 50.788322 
 487 	 50.378916 
 488 	 50.771263 
 489 	 50.737146 
 490 	 50.685970 
 491 	 50.378916 
 492 	 50.754204 
 493 	 50.361858 
 494 	 50.344799 
 495 	 50.327741 
 496 	 50.310682 
 497 	 50.344799 
 498 	 50.327741 
 499 	 50.754204 
 500 	 50.310682 
 501 	 50.754204 
 502 	 50.685970 
 503 	 50.720087 
 504 	 50.293624 
 505 	 50.276565 
 506 	 50.737146 
 507 	 50.293624 
 508 	 50.617736 
 509 	 50.293624 
 510 	 50.293624 
 511 	 50.617736 
 512 	 50.293624 
 513 	 50.276565 
 514 	 50.805380 
 515 	 50.617736 
 516 	 50.549502 
 517 	 50.617736 
 518 	 50.276565 
 519 	 50.225389 
 520 	 50.668912 
 521 	 50.651853 
 522 	 50.225389 
 523 	 50.600677 
 524 	 50.191272 
 525 	 50.208331 
 526 	 50.549502 
 527 	 50.498326 
 528 	 50.225389 
 529 	 50.208331 
 530 	 50.140097 
 531 	 50.583619 
 532 	 50.191272 
 533 	 50.191272 
 534 	 50.157155 
 535 	 50.617736 
 536 	 50.191272 
 537 	 50.498326 
 538 	 50.191272 
 539 	 50.532443 
 540 	 50.174214 
 541 	 50.174214 
 542 	 50.191272 
 543 	 50.208331 
 544 	 50.174214 
 545 	 50.174214 
 546 	 50.600677 
 547 	 50.174214 
 548 	 50.157155 
 549 	 50.498326 
 550 	 50.515385 
 551 	 50.481268 
 552 	 50.140097 
 553 	 50.566560 
 554 	 50.157155 
 555 	 50.157155 
 556 	 50.140097 
 557 	 50.566560 
 558 	 50.498326 
 559 	 50.464209 
 560 	 50.703029 
 561 	 50.157155 
 562 	 50.464209 
 563 	 50.515385 
 564 	 50.157155 
 565 	 50.157155 
 566 	 50.532443 
 567 	 50.532443 
 568 	 50.157155 
 569 	 50.157155 
 570 	 50.532443 
 571 	 50.157155 
 572 	 50.157155 
 573 	 50.157155 
 574 	 50.498326 
 575 	 50.464209 
 576 	 50.566560 
 577 	 50.566560 
 578 	 50.174214 
 579 	 50.600677 
 580 	 50.481268 
 581 	 50.140097 
 582 	 50.208331 
 583 	 50.157155 
 584 	 50.481268 
 585 	 50.191272 
 586 	 50.208331 
 587 	 50.600677 
 588 	 50.157155 
 589 	 50.208331 
 590 	 50.208331 
 591 	 50.174214 
 592 	 50.634795 
 593 	 50.191272 
 594 	 50.566560 
 595 	 50.191272 
 596 	 50.532443 
 597 	 50.583619 
 598 	 50.225389 
 599 	 50.225389 
 600 	 50.600677 
 601 	 50.566560 
 602 	 50.225389 
 603 	 50.225389 
 604 	 50.566560 
 605 	 50.600677 
 606 	 50.549502 
 607 	 50.617736 
 608 	 50.651853 
 609 	 50.600677 
 610 	 50.600677 
 611 	 50.549502 
 612 	 50.242448 
 613 	 50.259506 
 614 	 50.600677 
 615 	 50.259506 
 616 	 50.293624 
 617 	 50.259506 
 618 	 50.549502 
 619 	 50.668912 
 620 	 50.242448 
 621 	 50.600677 
 622 	 50.293624 
 623 	 50.276565 
 624 	 50.293624 
 625 	 50.293624 
 626 	 50.293624 
 627 	 50.293624 
 628 	 50.327741 
 629 	 50.310682 
 630 	 50.720087 
 631 	 50.310682 
 632 	 50.293624 
 633 	 50.293624 
 634 	 50.310682 
 635 	 50.310682 
 636 	 50.310682 
 637 	 50.668912 
 638 	 50.668912 
 639 	 50.617736 
 640 	 50.668912 
 641 	 50.344799 
 642 	 50.703029 
 643 	 50.361858 
 644 	 50.361858 
 645 	 50.361858 
 646 	 50.685970 
 647 	 50.361858 
 648 	 50.378916 
 649 	 50.327741 
 650 	 50.890673 
 651 	 50.361858 
 652 	 50.395975 
 653 	 50.413033 
 654 	 50.839497 
 655 	 50.788322 
 656 	 50.395975 
 657 	 50.771263 
 658 	 50.413033 
 659 	 50.447151 
 660 	 50.771263 
 661 	 50.447151 
 662 	 50.430092 
 663 	 50.447151 
 664 	 50.447151 
 665 	 50.464209 
 666 	 50.771263 
 667 	 50.481268 
 668 	 50.481268 
 669 	 51.095375 
 670 	 50.549502 
 671 	 50.941849 
 672 	 50.924790 
 673 	 50.924790 
 674 	 50.481268 
 675 	 50.549502 
 676 	 50.498326 
 677 	 50.549502 
 678 	 50.549502 
 679 	 50.958907 
 680 	 50.549502 
 681 	 50.566560 
 682 	 50.583619 
 683 	 50.600677 
 684 	 50.924790 
 685 	 50.924790 
 686 	 50.873614 
 687 	 50.583619 
 688 	 50.941849 
 689 	 50.993024 
 690 	 51.078317 
 691 	 50.651853 
 692 	 50.668912 
 693 	 50.651853 
 694 	 50.651853 
 695 	 50.651853 
 696 	 50.703029 
 697 	 51.027141 
 698 	 51.044200 
 699 	 51.095375 
 700 	 50.720087 
 701 	 50.720087 
 702 	 51.078317 
 703 	 51.112434 
 704 	 50.754204 
 705 	 51.129493 
 706 	 51.163610 
 707 	 50.771263 
 708 	 50.822439 
 709 	 50.805380 
 710 	 51.197727 
 711 	 51.163610 
 712 	 51.129493 
 713 	 50.805380 
 714 	 51.197727 
 715 	 51.129493 
 716 	 50.856556 
 717 	 50.890673 
 718 	 51.248902 
 719 	 50.890673 
 720 	 50.890673 
 721 	 50.873614 
 722 	 51.283020 
 723 	 51.283020 
 724 	 50.924790 
 725 	 51.334195 
 726 	 50.907731 
 727 	 50.958907 
 728 	 50.941849 
 729 	 50.975966 
 730 	 50.958907 
 731 	 50.975966 
 732 	 50.993024 
 733 	 50.975966 
 734 	 51.044200 
 735 	 51.555956 
 736 	 51.027141 
 737 	 51.351254 
 738 	 51.061258 
 739 	 51.027141 
 740 	 51.590073 
 741 	 51.095375 
 742 	 51.487722 
 743 	 51.095375 
 744 	 51.453605 
 745 	 51.470664 
 746 	 51.146551 
 747 	 51.146551 
 748 	 51.470664 
 749 	 51.163610 
 750 	 51.487722 
 751 	 51.163610 
 752 	 51.197727 
 753 	 51.521839 
 754 	 51.180668 
 755 	 51.214785 
 756 	 51.214785 
 757 	 51.521839 
 758 	 51.197727 
 759 	 51.607132 
 760 	 51.658308 
 761 	 51.675366 
 762 	 51.283020 
 763 	 51.283020 
 764 	 51.317137 
 765 	 51.334195 
 766 	 51.351254 
 767 	 51.709483 
 768 	 51.692425 
 769 	 51.351254 
 770 	 51.368312 
 771 	 51.385371 
 772 	 51.368312 
 773 	 51.436547 
 774 	 51.777718 
 775 	 51.777718 
 776 	 51.863010 
 777 	 51.436547 
 778 	 51.453605 
 779 	 51.470664 
 780 	 51.470664 
 781 	 51.504781 
 782 	 51.487722 
 783 	 51.538898 
 784 	 51.880069 
 785 	 51.555956 
 786 	 51.931245 
 787 	 51.538898 
 788 	 51.573015 
 789 	 51.931245 
 790 	 51.999479 
 791 	 51.982420 
 792 	 51.624191 
 793 	 51.948303 
 794 	 51.641249 
 795 	 51.641249 
 796 	 51.999479 
 797 	 51.726542 
 798 	 52.033596 
 799 	 51.709483 
 800 	 51.726542 
 801 	 51.726542 
 802 	 51.726542 
 803 	 52.135947 
 804 	 52.118889 
 805 	 51.777718 
 806 	 51.794776 
 807 	 52.204181 
 808 	 52.221240 
 809 	 51.828893 
 810 	 51.863010 
 811 	 51.880069 
 812 	 51.880069 
 813 	 51.897127 
 814 	 52.255357 
 815 	 51.897127 
 816 	 52.238299 
 817 	 51.931245 
 818 	 52.255357 
 819 	 52.238299 
 820 	 52.289474 
 821 	 51.999479 
 822 	 51.965362 
 823 	 52.016537 
 824 	 52.016537 
 825 	 52.033596 
 826 	 52.067713 
 827 	 52.067713 
 828 	 52.443001 
 829 	 52.101830 
 830 	 52.477118 
 831 	 52.511235 
 832 	 52.135947 
 833 	 52.153006 
 834 	 52.545353 
 835 	 52.153006 
 836 	 52.170064 
 837 	 52.170064 
 838 	 52.187123 
 839 	 52.187123 
 840 	 52.221240 
 841 	 52.221240 
 842 	 52.272416 
 843 	 52.664762 
 844 	 52.579470 
 845 	 52.698880 
 846 	 52.681821 
 847 	 52.681821 
 848 	 52.630645 
 849 	 52.357708 
 850 	 52.681821 
 851 	 52.681821 
 852 	 52.732997 
 853 	 52.698880 
 854 	 52.374767 
 855 	 52.408884 
 856 	 52.425943 
 857 	 52.460060 
 858 	 52.784172 
 859 	 52.801231 
 860 	 52.818289 
 861 	 52.835348 
 862 	 52.528294 
 863 	 52.852407 
 864 	 52.869465 
 865 	 52.886524 
 866 	 52.562411 
 867 	 52.562411 
 868 	 52.562411 
 869 	 52.886524 
 870 	 52.971816 
 871 	 52.596528 
 872 	 52.613587 
 873 	 52.937699 
 874 	 52.647704 
 875 	 53.022992 
 876 	 52.954758 
 877 	 52.715938 
 878 	 53.057109 
 879 	 53.108285 
 880 	 53.005934 
 881 	 53.159461 
 882 	 52.750055 
 883 	 52.750055 
 884 	 52.750055 
 885 	 52.767114 
 886 	 52.818289 
 887 	 52.818289 
 888 	 52.835348 
 889 	 53.142402 
 890 	 52.852407 
 891 	 52.852407 
 892 	 53.295929 
 893 	 52.869465 
 894 	 52.886524 
 895 	 52.869465 
 896 	 53.330046 
 897 	 52.937699 
 898 	 53.312988 
 899 	 53.398280 
 900 	 53.364163 
 901 	 53.347105 
 902 	 53.005934 
 903 	 52.988875 
 904 	 53.022992 
 905 	 53.005934 
 906 	 53.398280 
 907 	 53.210636 
 908 	 53.074168 
 909 	 53.057109 
 910 	 53.108285 
 911 	 53.108285 
 912 	 53.534749 
 913 	 53.466515 
 914 	 53.125343 
 915 	 53.159461 
 916 	 53.585924 
 917 	 53.551807 
 918 	 53.602983 
 919 	 53.637100 
 920 	 53.210636 
 921 	 53.637100 
 922 	 53.620042 
 923 	 53.261812 
 924 	 53.278870 
 925 	 53.278870 
 926 	 53.671217 
 927 	 53.330046 
 928 	 53.330046 
 929 	 53.756510 
 930 	 53.364163 
 931 	 53.364163 
 932 	 53.756510 
 933 	 53.381222 
 934 	 53.398280 
 935 	 53.432397 
 936 	 53.807686 
 937 	 53.841803 
 938 	 53.807686 
 939 	 53.432397 
 940 	 53.875920 
 941 	 53.875920 
 942 	 53.466515 
 943 	 53.517690 
 944 	 53.534749 
 945 	 53.910037 
 946 	 53.517690 
 947 	 53.534749 
 948 	 53.961213 
 949 	 53.961213 
 950 	 53.858861 
 951 	 53.944154 
 952 	 53.568866 
 953 	 53.602983 
 954 	 53.637100 
 955 	 54.046506 
 956 	 53.671217 
 957 	 53.654159 
 958 	 54.012388 
 959 	 54.046506 
 960 	 53.688276 
 961 	 53.722393 
 962 	 53.722393 
 963 	 53.722393 
 964 	 54.131798 
 965 	 53.756510 
 966 	 53.773569 
 967 	 53.790627 
 968 	 53.756510 
 969 	 53.790627 
 970 	 54.165915 
 971 	 54.131798 
 972 	 53.824744 
 973 	 54.200033 
 974 	 54.200033 
 975 	 54.268267 
 976 	 54.234150 
 977 	 53.858861 
 978 	 54.319442 
 979 	 53.875920 
 980 	 53.910037 
 981 	 53.927096 
 982 	 53.944154 
 983 	 53.961213 
 984 	 54.336501 
 985 	 53.978271 
 986 	 54.319442 
 987 	 54.012388 
 988 	 54.319442 
 989 	 54.387677 
 990 	 54.404735 
 991 	 54.029447 
 992 	 54.029447 
 993 	 54.046506 
 994 	 54.370618 
 995 	 54.455911 
 996 	 54.046506 
 997 	 54.455911 
 998 	 54.131798 
 999 	 54.097681 
 1000 	 54.438852 
 1001 	 54.421794 
 1002 	 54.131798 
 1003 	 54.148857 
 1004 	 54.507087 
 1005 	 54.165915 
 1006 	 54.148857 
 1007 	 54.507087 
 1008 	 54.455911 
 1009 	 54.182974 
 1010 	 54.575321 
 1011 	 54.541204 
 1012 	 54.251208 
 1013 	 54.626496 
 1014 	 54.234150 
 1015 	 54.251208 
 1016 	 54.217091 
 1017 	 54.609438 
 1018 	 54.268267 
 1019 	 54.268267 
 1020 	 54.285325 
 1021 	 54.677672 
 1022 	 54.677672 
 1023 	 54.660614 
 1024 	 54.660614 
 1025 	 54.336501 
 1026 	 54.745906 
 1027 	 54.353560 
 1028 	 54.370618 
 1029 	 54.353560 
 1030 	 54.780024 
 1031 	 54.762965 
 1032 	 54.780024 
 1033 	 54.387677 
 1034 	 54.421794 
 1035 	 54.711789 
 1036 	 54.421794 
 1037 	 54.404735 
 1038 	 54.797082 
 1039 	 54.421794 
 1040 	 54.762965 
 1041 	 54.421794 
 1042 	 54.455911 
 1043 	 54.797082 
 1044 	 54.438852 
 1045 	 54.507087 
 1046 	 54.472969 
 1047 	 54.814141 
 1048 	 54.797082 
 1049 	 54.848258 
 1050 	 54.490028 
 1051 	 54.848258 
 1052 	 54.524145 
 1053 	 54.933551 
 1054 	 54.507087 
 1055 	 54.950609 
 1056 	 54.916492 
 1057 	 54.472969 
 1058 	 54.541204 
 1059 	 54.575321 
 1060 	 54.592379 
 1061 	 54.575321 
 1062 	 54.575321 
 1063 	 54.950609 
 1064 	 54.592379 
 1065 	 54.967668 
 1066 	 54.609438 
 1067 	 54.592379 
 1068 	 54.916492 
 1069 	 54.592379 
 1070 	 54.967668 
 1071 	 54.933551 
 1072 	 54.643555 
 1073 	 54.643555 
 1074 	 54.626496 
 1075 	 54.643555 
 1076 	 54.643555 
 1077 	 55.052960 
 1078 	 54.660614 
 1079 	 55.070019 
 1080 	 55.018843 
 1081 	 54.694731 
 1082 	 54.984726 
 1083 	 54.677672 
 1084 	 54.728848 
 1085 	 55.001785 
 1086 	 55.001785 
 1087 	 55.138253 
 1088 	 55.035902 
 1089 	 55.087078 
 1090 	 55.087078 
 1091 	 55.121195 
 1092 	 55.104136 
 1093 	 55.155312 
 1094 	 54.762965 
 1095 	 54.745906 
 1096 	 54.762965 
 1097 	 54.797082 
 1098 	 55.104136 
 1099 	 54.762965 
 1100 	 55.155312 
 1101 	 54.797082 
 1102 	 55.155312 
 1103 	 55.206488 
 1104 	 55.087078 
 1105 	 54.762965 
 1106 	 54.797082 
 1107 	 54.745906 
 1108 	 55.240605 
 1109 	 54.831199 
 1110 	 55.189429 
 1111 	 54.762965 
 1112 	 54.831199 
 1113 	 54.814141 
 1114 	 55.206488 
 1115 	 54.848258 
 1116 	 55.155312 
 1117 	 54.831199 
 1118 	 54.797082 
 1119 	 55.172370 
 1120 	 54.831199 
 1121 	 54.831199 
 1122 	 54.848258 
 1123 	 54.831199 
 1124 	 55.223546 
 1125 	 54.865316 
 1126 	 54.831199 
 1127 	 54.848258 
 1128 	 54.831199 
 1129 	 54.865316 
 1130 	 54.865316 
 1131 	 54.848258 
 1132 	 55.189429 
 1133 	 54.882375 
 1134 	 55.206488 
 1135 	 54.865316 
 1136 	 54.865316 
 1137 	 54.848258 
 1138 	 54.882375 
 1139 	 54.814141 
 1140 	 54.899433 
 1141 	 55.172370 
 1142 	 55.445307 
 1143 	 55.155312 
 1144 	 55.274722 
 1145 	 55.206488 
 1146 	 55.172370 
 1147 	 55.223546 
 1148 	 54.865316 
 1149 	 55.274722 
 1150 	 54.865316 
 1151 	 55.206488 
 1152 	 55.223546 
 1153 	 55.274722 
 1154 	 55.274722 
 1155 	 54.865316 
 1156 	 54.882375 
 1157 	 55.291780 
 1158 	 54.882375 
 1159 	 55.189429 
 1160 	 55.274722 
 1161 	 54.848258 
 1162 	 55.172370 
 1163 	 54.882375 
 1164 	 55.274722 
 1165 	 54.848258 
 1166 	 54.865316 
 1167 	 55.240605 
 1168 	 54.865316 
 1169 	 55.138253 
 1170 	 55.206488 
 1171 	 55.172370 
 1172 	 55.172370 
 1173 	 54.865316 
 1174 	 54.865316 
 1175 	 55.223546 
 1176 	 55.189429 
 1177 	 54.882375 
 1178 	 55.240605 
 1179 	 55.240605 
 1180 	 54.848258 
 1181 	 54.848258 
 1182 	 55.257663 
 1183 	 54.865316 
 1184 	 55.206488 
 1185 	 55.206488 
 1186 	 55.172370 
 1187 	 55.189429 
 1188 	 55.223546 
 1189 	 54.848258 
 1190 	 54.814141 
 1191 	 54.848258 
 1192 	 55.172370 
 1193 	 54.797082 
 1194 	 54.848258 
 1195 	 55.138253 
 1196 	 55.121195 
 1197 	 55.206488 
 1198 	 55.206488 
 1199 	 55.138253 
 1200 	 54.797082 
 1201 	 55.121195 
 1202 	 55.121195 
 1203 	 54.762965 
 1204 	 54.814141 
 1205 	 55.121195 
 1206 	 54.762965 
 1207 	 55.104136 
 1208 	 55.172370 
 1209 	 54.797082 
 1210 	 55.189429 
 1211 	 54.780024 
 1212 	 55.104136 
 1213 	 54.762965 
 1214 	 54.762965 
 1215 	 54.762965 
 1216 	 54.780024 
 1217 	 54.745906 
 1218 	 55.087078 
 1219 	 55.138253 
 1220 	 55.138253 
 1221 	 54.728848 
 1222 	 54.728848 
 1223 	 55.070019 
 1224 	 55.070019 
 1225 	 55.052960 
 1226 	 55.001785 
 1227 	 54.711789 
 1228 	 54.728848 
 1229 	 55.052960 
 1230 	 55.052960 
 1231 	 54.711789 
 1232 	 54.711789 
 1233 	 54.660614 
 1234 	 54.694731 
 1235 	 54.694731 
 1236 	 55.018843 
 1237 	 54.677672 
 1238 	 54.694731 
 1239 	 54.660614 
 1240 	 54.660614 
 1241 	 55.035902 
 1242 	 54.967668 
 1243 	 54.643555 
 1244 	 55.035902 
 1245 	 54.609438 
 1246 	 54.626496 
 1247 	 54.933551 
 1248 	 54.609438 
 1249 	 54.609438 
 1250 	 54.626496 
 1251 	 54.626496 
 1252 	 55.001785 
 1253 	 54.916492 
 1254 	 54.626496 
 1255 	 54.609438 
 1256 	 54.575321 
 1257 	 54.950609 
 1258 	 54.933551 
 1259 	 54.558262 
 1260 	 55.070019 
 1261 	 54.933551 
 1262 	 54.848258 
 1263 	 54.541204 
 1264 	 54.524145 
 1265 	 55.087078 
 1266 	 54.848258 
 1267 	 54.507087 
 1268 	 54.524145 
 1269 	 54.933551 
 1270 	 54.490028 
 1271 	 54.455911 
 1272 	 54.882375 
 1273 	 54.490028 
 1274 	 54.472969 
 1275 	 54.455911 
 1276 	 54.421794 
 1277 	 54.831199 
 1278 	 54.882375 
 1279 	 54.438852 
 1280 	 54.438852 
 1281 	 54.797082 
 1282 	 54.728848 
 1283 	 54.438852 
 1284 	 54.404735 
 1285 	 54.728848 
 1286 	 54.711789 
 1287 	 54.728848 
 1288 	 54.404735 
 1289 	 54.336501 
 1290 	 54.370618 
 1291 	 54.353560 
 1292 	 54.711789 
 1293 	 54.319442 
 1294 	 54.319442 
 1295 	 54.302384 
 1296 	 54.285325 
 1297 	 54.609438 
 1298 	 54.268267 
 1299 	 54.626496 
 1300 	 54.609438 
 1301 	 54.609438 
 1302 	 54.575321 
 1303 	 54.285325 
 1304 	 54.268267 
 1305 	 54.541204 
 1306 	 54.165915 
 1307 	 54.558262 
 1308 	 54.541204 
 1309 	 54.234150 
 1310 	 54.558262 
 1311 	 54.592379 
 1312 	 54.524145 
 1313 	 54.148857 
 1314 	 54.165915 
 1315 	 54.472969 
 1316 	 54.455911 
 1317 	 54.507087 
 1318 	 54.097681 
 1319 	 54.472969 
 1320 	 54.114740 
 1321 	 54.438852 
 1322 	 54.080623 
 1323 	 54.063564 
 1324 	 54.063564 
 1325 	 54.421794 
 1326 	 54.029447 
 1327 	 54.370618 
 1328 	 54.012388 
 1329 	 53.961213 
 1330 	 53.995330 
 1331 	 54.268267 
 1332 	 53.995330 
 1333 	 53.961213 
 1334 	 53.927096 
 1335 	 53.927096 
 1336 	 54.336501 
 1337 	 54.217091 
 1338 	 54.234150 
 1339 	 54.182974 
 1340 	 54.234150 
 1341 	 53.875920 
 1342 	 54.387677 
 1343 	 53.841803 
 1344 	 54.234150 
 1345 	 53.807686 
 1346 	 53.824744 
 1347 	 53.824744 
 1348 	 53.807686 
 1349 	 54.165915 
 1350 	 53.739451 
 1351 	 54.148857 
 1352 	 53.756510 
 1353 	 53.722393 
 1354 	 53.739451 
 1355 	 53.705334 
 1356 	 53.722393 
 1357 	 54.012388 
 1358 	 54.131798 
 1359 	 53.688276 
 1360 	 54.063564 
 1361 	 53.671217 
 1362 	 53.671217 
 1363 	 53.620042 
 1364 	 53.978271 
 1365 	 53.620042 
 1366 	 53.927096 
 1367 	 53.858861 
 1368 	 53.585924 
 1369 	 53.568866 
 1370 	 53.978271 
 1371 	 53.517690 
 1372 	 53.517690 
 1373 	 53.534749 
 1374 	 53.824744 
 1375 	 53.483573 
 1376 	 53.483573 
 1377 	 53.432397 
 1378 	 53.449456 
 1379 	 53.756510 
 1380 	 53.739451 
 1381 	 53.739451 
 1382 	 53.432397 
 1383 	 53.398280 
 1384 	 53.773569 
 1385 	 53.364163 
 1386 	 53.381222 
 1387 	 53.364163 
 1388 	 53.705334 
 1389 	 53.722393 
 1390 	 53.330046 
 1391 	 53.602983 
 1392 	 53.312988 
 1393 	 53.654159 
 1394 	 53.244753 
 1395 	 53.654159 
 1396 	 53.824744 
 1397 	 53.568866 
 1398 	 53.210636 
 1399 	 53.210636 
 1400 	 53.176519 
 1401 	 53.415339 
 1402 	 53.176519 
 1403 	 53.466515 
 1404 	 53.466515 
 1405 	 53.125343 
 1406 	 53.125343 
 1407 	 53.449456 
 1408 	 53.091226 
 1409 	 53.057109 
 1410 	 53.022992 
 1411 	 53.022992 
 1412 	 53.074168 
 1413 	 53.040051 
 1414 	 53.040051 
 1415 	 53.347105 
 1416 	 53.005934 
 1417 	 53.398280 
 1418 	 53.347105 
 1419 	 53.347105 
 1420 	 53.261812 
 1421 	 53.466515 
 1422 	 52.920641 
 1423 	 53.312988 
 1424 	 52.835348 
 1425 	 52.835348 
 1426 	 53.278870 
 1427 	 53.159461 
 1428 	 53.227695 
 1429 	 52.698880 
 1430 	 53.159461 
 1431 	 53.176519 
 1432 	 53.278870 
 1433 	 53.176519 
 1434 	 53.176519 
 1435 	 52.767114 
 1436 	 52.715938 
 1437 	 52.715938 
 1438 	 52.715938 
 1439 	 52.681821 
 1440 	 52.698880 
 1441 	 52.664762 
 1442 	 52.647704 
 1443 	 52.630645 
 1444 	 52.613587 
 1445 	 52.647704 
 1446 	 52.920641 
 1447 	 52.562411 
 1448 	 52.562411 
 1449 	 53.005934 
 1450 	 52.988875 
 1451 	 52.937699 
 1452 	 52.528294 
 1453 	 52.511235 
 1454 	 52.852407 
 1455 	 52.477118 
 1456 	 52.494177 
 1457 	 52.767114 
 1458 	 52.443001 
 1459 	 52.425943 
 1460 	 52.425943 
 1461 	 52.425943 
 1462 	 52.391826 
 1463 	 52.732997 
 1464 	 52.289474 
 1465 	 52.357708 
 1466 	 52.340650 
 1467 	 52.323591 
 1468 	 52.715938 
 1469 	 52.698880 
 1470 	 52.289474 
 1471 	 52.596528 
 1472 	 52.596528 
 1473 	 52.255357 
 1474 	 52.238299 
 1475 	 52.255357 
 1476 	 52.545353 
 1477 	 52.153006 
 1478 	 52.528294 
 1479 	 52.562411 
 1480 	 52.477118 
 1481 	 52.528294 
 1482 	 52.135947 
 1483 	 52.084772 
 1484 	 52.477118 
 1485 	 52.084772 
 1486 	 52.084772 
 1487 	 52.374767 
 1488 	 52.067713 
 1489 	 51.999479 
 1490 	 52.016537 
 1491 	 52.340650 
 1492 	 51.965362 
 1493 	 51.965362 
 1494 	 52.357708 
 1495 	 51.931245 
 1496 	 51.931245 
 1497 	 52.238299 
 1498 	 51.914186 
 1499 	 51.914186 
 1500 	 51.880069 
 1501 	 51.863010 
 1502 	 51.845952 
 1503 	 52.272416 
 1504 	 51.811835 
 1505 	 51.845952 
 1506 	 51.794776 
 1507 	 51.811835 
 1508 	 51.777718 
 1509 	 51.777718 
 1510 	 52.067713 
 1511 	 52.101830 
 1512 	 52.033596 
 1513 	 52.084772 
 1514 	 52.238299 
 1515 	 51.675366 
 1516 	 51.675366 
 1517 	 51.675366 
 1518 	 51.675366 
 1519 	 51.641249 
 1520 	 51.624191 
 1521 	 51.931245 
 1522 	 51.965362 
 1523 	 51.794776 
 1524 	 51.982420 
 1525 	 51.965362 
 1526 	 51.504781 
 1527 	 51.897127 
 1528 	 51.521839 
 1529 	 51.504781 
 1530 	 51.504781 
 1531 	 51.521839 
 1532 	 51.487722 
 1533 	 51.863010 
 1534 	 51.828893 
 1535 	 51.436547 
 1536 	 51.436547 
 1537 	 51.419488 
 1538 	 51.402429 
 1539 	 51.453605 
 1540 	 51.658308 
 1541 	 51.675366 
 1542 	 51.368312 
 1543 	 51.334195 
 1544 	 51.641249 
 1545 	 51.351254 
 1546 	 51.300078 
 1547 	 51.317137 
 1548 	 51.709483 
 1549 	 51.300078 
 1550 	 51.658308 
 1551 	 51.300078 
 1552 	 51.248902 
 1553 	 51.248902 
 1554 	 51.487722 
 1555 	 51.197727 
 1556 	 51.214785 
 1557 	 51.180668 
 1558 	 51.590073 
 1559 	 51.180668 
 1560 	 51.487722 
 1561 	 51.146551 
 1562 	 51.129493 
 1563 	 51.453605 
 1564 	 51.112434 
 1565 	 51.436547 
 1566 	 51.487722 
 1567 	 51.487722 
 1568 	 51.078317 
 1569 	 51.385371 
 1570 	 51.078317 
 1571 	 51.044200 
 1572 	 51.010083 
 1573 	 51.044200 
 1574 	 51.027141 
 1575 	 50.993024 
 1576 	 50.975966 
 1577 	 50.993024 
 1578 	 50.975966 
 1579 	 50.941849 
 1580 	 50.941849 
 1581 	 50.941849 
 1582 	 51.300078 
 1583 	 50.890673 
 1584 	 50.924790 
 1585 	 50.890673 
 1586 	 50.890673 
 1587 	 50.873614 
 1588 	 50.873614 
 1589 	 51.248902 
 1590 	 50.856556 
 1591 	 50.822439 
 1592 	 50.822439 
 1593 	 50.839497 
 1594 	 50.856556 
 1595 	 51.197727 
 1596 	 51.129493 
 1597 	 51.129493 
 1598 	 51.112434 
 1599 	 51.061258 
 1600 	 51.095375 
 1601 	 51.078317 
 1602 	 50.720087 
 1603 	 51.044200 
 1604 	 50.737146 
 1605 	 51.061258 
 1606 	 51.044200 
 1607 	 50.993024 
 1608 	 51.044200 
 1609 	 51.044200 
 1610 	 51.061258 
 1611 	 50.975966 
 1612 	 50.668912 
 1613 	 51.061258 
 1614 	 51.010083 
 1615 	 50.975966 
 1616 	 50.600677 
 1617 	 50.941849 
 1618 	 50.941849 
 1619 	 50.583619 
 1620 	 50.600677 
 1621 	 50.873614 
 1622 	 50.958907 
 1623 	 50.958907 
 1624 	 50.856556 
 1625 	 50.532443 
 1626 	 50.839497 
 1627 	 50.532443 
 1628 	 50.907731 
 1629 	 50.515385 
 1630 	 50.498326 
 1631 	 50.498326 
 1632 	 50.481268 
 1633 	 50.873614 
 1634 	 50.447151 
 1635 	 50.839497 
 1636 	 51.010083 
 1637 	 50.822439 
 1638 	 50.413033 
 1639 	 50.822439 
 1640 	 50.413033 
 1641 	 50.413033 
 1642 	 50.413033 
 1643 	 50.788322 
 1644 	 50.771263 
 1645 	 50.754204 
 1646 	 50.395975 
 1647 	 50.361858 
 1648 	 50.361858 
 1649 	 50.361858 
 1650 	 50.361858 
 1651 	 50.327741 
 1652 	 50.668912 
 1653 	 50.344799 
 1654 	 50.327741 
 1655 	 50.737146 
 1656 	 50.583619 
 1657 	 50.634795 
 1658 	 50.464209 
 1659 	 50.276565 
 1660 	 50.310682 
 1661 	 50.259506 
 1662 	 50.668912 
 1663 	 50.685970 
 1664 	 50.242448 
 1665 	 50.276565 
 1666 	 50.600677 
 1667 	 50.225389 
 1668 	 50.225389 
 1669 	 50.600677 
 1670 	 50.634795 
 1671 	 50.242448 
 1672 	 50.532443 
 1673 	 50.208331 
 1674 	 50.566560 
 1675 	 50.191272 
 1676 	 50.191272 
 1677 	 50.566560 
 1678 	 50.225389 
 1679 	 50.532443 
 1680 	 50.532443 
 1681 	 50.583619 
 1682 	 50.549502 
 1683 	 50.157155 
 1684 	 50.174214 
 1685 	 50.515385 
 1686 	 50.191272 
 1687 	 50.174214 
 1688 	 50.583619 
 1689 	 50.549502 
 1690 	 50.140097 
 1691 	 50.174214 
 1692 	 50.549502 
 1693 	 50.464209 
 1694 	 50.481268 
 1695 	 50.515385 
 1696 	 50.532443 
 1697 	 50.157155 
 1698 	 50.140097 
 1699 	 50.259506 
 1700 	 50.481268 
 1701 	 50.498326 
 1702 	 50.105980 
 1703 	 50.105980 
 1704 	 50.105980 
 1705 	 50.088921 
 1706 	 50.413033 
 1707 	 50.498326 
 1708 	 50.464209 
 1709 	 50.157155 
 1710 	 50.088921 
 1711 	 50.071862 
 1712 	 50.088921 
 1713 	 50.481268 
 1714 	 50.464209 
 1715 	 50.054804 
 1716 	 50.071862 
 1717 	 50.088921 
 1718 	 50.361858 
 1719 	 50.054804 
 1720 	 50.430092 
 1721 	 50.464209 
 1722 	 50.464209 
 1723 	 50.088921 
 1724 	 50.430092 
 1725 	 50.088921 
 1726 	 50.430092 
 1727 	 50.464209 
 1728 	 50.361858 
 1729 	 50.054804 
 1730 	 50.430092 
 1731 	 50.378916 
 1732 	 50.054804 
 1733 	 50.037745 
 1734 	 50.071862 
 1735 	 50.054804 
 1736 	 50.071862 
 1737 	 50.054804 
 1738 	 50.430092 
 1739 	 50.157155 
 1740 	 50.413033 
 1741 	 50.071862 
 1742 	 50.395975 
 1743 	 50.054804 
 1744 	 50.037745 
 1745 	 50.071862 
 1746 	 50.054804 
 1747 	 50.105980 
 1748 	 50.378916 
 1749 	 50.378916 
 1750 	 50.071862 
 1751 	 50.037745 
 1752 	 50.395975 
 1753 	 50.378916 
 1754 	 50.020687 
 1755 	 50.037745 
 1756 	 50.037745 
 1757 	 50.037745 
 1758 	 50.395975 
 1759 	 50.430092 
 1760 	 50.071862 
 1761 	 50.037745 
 1762 	 50.071862 
 1763 	 50.054804 
 1764 	 50.464209 
 1765 	 50.395975 
 1766 	 50.430092 
 1767 	 50.344799 
 1768 	 50.157155 
 1769 	 50.037745 
 1770 	 50.430092 
 1771 	 50.071862 
 1772 	 50.413033 
 1773 	 50.071862 
 1774 	 50.071862 
 1775 	 50.447151 
 1776 	 50.071862 
 1777 	 50.395975 
 1778 	 50.361858 
 1779 	 50.395975 
 1780 	 50.071862 
 1781 	 50.071862 
 1782 	 50.447151 
 1783 	 50.105980 
 1784 	 50.071862 
 1785 	 50.447151 
 1786 	 50.430092 
 1787 	 50.413033 
 1788 	 50.498326 
 1789 	 50.088921 
 1790 	 50.105980 
 1791 	 50.123038 
 1792 	 50.549502 
 1793 	 50.123038 
 1794 	 50.140097 
 1795 	 50.481268 
 1796 	 50.498326 
 1797 	 50.105980 
 1798 	 50.532443 
 1799 	 50.430092 
 1800 	 50.140097 
 1801 	 50.123038 
 1802 	 50.430092 
 1803 	 50.481268 
 1804 	 50.157155 
 1805 	 50.515385 
 1806 	 50.140097 
 1807 	 50.140097 
 1808 	 50.549502 
 1809 	 50.157155 
 1810 	 50.464209 
 1811 	 50.157155 
 1812 	 50.174214 
 1813 	 50.464209 
 1814 	 50.191272 
 1815 	 50.566560 
 1816 	 50.174214 
 1817 	 50.174214 
 1818 	 50.208331 
 1819 	 50.174214 
 1820 	 50.191272 
 1821 	 50.583619 
 1822 	 50.174214 
 1823 	 50.225389 
 1824 	 50.174214 
 1825 	 50.208331 
 1826 	 50.225389 
 1827 	 50.208331 
 1828 	 50.225389 
 1829 	 50.532443 
 1830 	 50.634795 
 1831 	 50.651853 
 1832 	 50.242448 
 1833 	 50.225389 
 1834 	 50.208331 
 1835 	 50.259506 
 1836 	 50.293624 
 1837 	 50.259506 
 1838 	 50.276565 
 1839 	 50.276565 
 1840 	 50.276565 
 1841 	 50.276565 
 1842 	 50.327741 
 1843 	 50.703029 
 1844 	 50.293624 
 1845 	 50.651853 
 1846 	 50.634795 
 1847 	 50.361858 
 1848 	 50.310682 
 1849 	 50.361858 
 1850 	 50.327741 
 1851 	 50.378916 
 1852 	 50.771263 
 1853 	 50.344799 
 1854 	 50.361858 
 1855 	 50.395975 
 1856 	 50.771263 
 1857 	 50.395975 
 1858 	 50.395975 
 1859 	 50.447151 
 1860 	 50.754204 
 1861 	 50.703029 
 1862 	 50.447151 
 1863 	 50.822439 
 1864 	 50.430092 
 1865 	 50.413033 
 1866 	 50.771263 
 1867 	 50.805380 
 1868 	 50.481268 
 1869 	 50.413033 
 1870 	 50.447151 
 1871 	 50.498326 
 1872 	 50.413033 
 1873 	 50.498326 
 1874 	 50.498326 
 1875 	 50.498326 
 1876 	 50.532443 
 1877 	 50.549502 
 1878 	 50.549502 
 1879 	 50.549502 
 1880 	 50.890673 
 1881 	 50.941849 
 1882 	 50.805380 
 1883 	 50.822439 
 1884 	 50.583619 
 1885 	 50.583619 
 1886 	 50.600677 
 1887 	 50.617736 
 1888 	 50.583619 
 1889 	 50.975966 
 1890 	 50.600677 
 1891 	 50.617736 
 1892 	 50.634795 
 1893 	 50.634795 
 1894 	 50.651853 
 1895 	 50.651853 
 1896 	 50.703029 
 1897 	 50.685970 
 1898 	 50.685970 
 1899 	 50.685970 
 1900 	 50.703029 
 1901 	 50.720087 
 1902 	 50.720087 
 1903 	 50.720087 
 1904 	 50.720087 
 1905 	 51.112434 
 1906 	 51.146551 
 1907 	 51.180668 
 1908 	 50.771263 
 1909 	 51.112434 
 1910 	 50.771263 
 1911 	 50.788322 
 1912 	 51.197727 
 1913 	 50.839497 
 1914 	 51.197727 
 1915 	 50.839497 
 1916 	 50.856556 
 1917 	 51.180668 
 1918 	 51.283020 
 1919 	 51.146551 
 1920 	 51.197727 
 1921 	 50.856556 
 1922 	 50.890673 
 1923 	 50.924790 
 1924 	 50.924790 
 1925 	 50.890673 
 1926 	 50.941849 
 1927 	 51.385371 
 1928 	 50.941849 
 1929 	 50.975966 
 1930 	 50.975966 
 1931 	 50.958907 
 1932 	 50.975966 
 1933 	 50.993024 
 1934 	 51.010083 
 1935 	 51.010083 
 1936 	 51.044200 
 1937 	 51.368312 
 1938 	 51.419488 
 1939 	 51.044200 
 1940 	 51.419488 
 1941 	 51.061258 
 1942 	 51.078317 
 1943 	 51.112434 
 1944 	 51.112434 
 1945 	 51.402429 
 1946 	 51.112434 
 1947 	 51.521839 
 1948 	 51.146551 
 1949 	 51.504781 
 1950 	 51.146551 
 1951 	 51.538898 
 1952 	 51.112434 
 1953 	 51.180668 
 1954 	 51.214785 
 1955 	 51.197727 
 1956 	 51.607132 
 1957 	 51.231844 
 1958 	 51.265961 
 1959 	 51.248902 
 1960 	 51.248902 
 1961 	 51.283020 
 1962 	 51.265961 
 1963 	 51.692425 
 1964 	 51.709483 
 1965 	 51.317137 
 1966 	 51.794776 
 1967 	 51.334195 
 1968 	 51.334195 
 1969 	 51.351254 
 1970 	 51.402429 
 1971 	 51.368312 
 1972 	 51.368312 
 1973 	 51.419488 
 1974 	 51.743600 
 1975 	 51.470664 
 1976 	 51.453605 
 1977 	 51.863010 
 1978 	 51.845952 
 1979 	 51.470664 
 1980 	 51.845952 
 1981 	 51.897127 
 1982 	 51.521839 
 1983 	 51.555956 
 1984 	 51.538898 
 1985 	 51.555956 
 1986 	 51.573015 
 1987 	 51.573015 
 1988 	 51.590073 
 1989 	 51.607132 
 1990 	 51.607132 
 1991 	 51.948303 
 1992 	 51.965362 
 1993 	 51.982420 
 1994 	 51.999479 
 1995 	 51.675366 
 1996 	 51.726542 
 1997 	 51.999479 
 1998 	 51.709483 
 1999 	 52.016537 
 2000 	 51.743600 
 2001 	 51.794776 
 2002 	 51.794776 
 2003 	 51.794776 
 2004 	 52.221240 
 2005 	 52.135947 
 2006 	 51.845952 
 2007 	 51.828893 
 2008 	 51.828893 
 2009 	 51.845952 
 2010 	 51.863010 
 2011 	 51.863010 
 2012 	 51.863010 
 2013 	 51.914186 
 2014 	 52.272416 
 2015 	 52.306533 
 2016 	 51.965362 
 2017 	 52.357708 
 2018 	 52.374767 
 2019 	 51.982420 
 2020 	 51.999479 
 2021 	 52.408884 
 2022 	 52.016537 
 2023 	 52.340650 
 2024 	 52.477118 
 2025 	 52.101830 
 2026 	 52.460060 
 2027 	 52.443001 
 2028 	 52.443001 
 2029 	 52.425943 
 2030 	 52.135947 
 2031 	 52.153006 
 2032 	 52.477118 
 2033 	 52.170064 
 2034 	 52.135947 
 2035 	 52.511235 
 2036 	 52.221240 
 2037 	 52.187123 
 2038 	 52.255357 
 2039 	 52.596528 
 2040 	 52.647704 
 2041 	 52.272416 
 2042 	 52.613587 
 2043 	 52.664762 
 2044 	 52.289474 
 2045 	 52.630645 
 2046 	 52.340650 
 2047 	 52.357708 
 2048 	 52.357708 
 2049 	 52.767114 
 2050 	 52.374767 
 2051 	 52.391826 
 2052 	 52.698880 
 2053 	 52.852407 
 2054 	 52.443001 
 2055 	 52.784172 
 2056 	 52.886524 
 2057 	 52.443001 
 2058 	 52.477118 
 2059 	 52.886524 
 2060 	 52.886524 
 2061 	 52.886524 
 2062 	 52.545353 
 2063 	 52.562411 
 2064 	 52.562411 
 2065 	 52.511235 
 2066 	 52.630645 
 2067 	 52.613587 
 2068 	 52.630645 
 2069 	 52.647704 
 2070 	 52.630645 
 2071 	 52.681821 
 2072 	 52.681821 
 2073 	 52.681821 
 2074 	 52.681821 
 2075 	 52.715938 
 2076 	 53.244753 
 2077 	 52.750055 
 2078 	 52.784172 
 2079 	 53.108285 
 2080 	 52.784172 
 2081 	 53.142402 
 2082 	 52.801231 
 2083 	 53.227695 
 2084 	 52.852407 
 2085 	 52.886524 
 2086 	 53.193578 
 2087 	 53.193578 
 2088 	 52.886524 
 2089 	 53.193578 
 2090 	 52.937699 
 2091 	 52.903582 
 2092 	 53.278870 
 2093 	 52.971816 
 2094 	 53.364163 
 2095 	 52.954758 
 2096 	 52.988875 
 2097 	 53.381222 
 2098 	 52.988875 
 2099 	 53.005934 
 2100 	 53.057109 
 2101 	 53.022992 
 2102 	 53.432397 
 2103 	 53.074168 
 2104 	 53.091226 
 2105 	 53.517690 
 2106 	 53.517690 
 2107 	 53.108285 
 2108 	 53.159461 
 2109 	 53.176519 
 2110 	 53.159461 
 2111 	 53.193578 
 2112 	 53.585924 
 2113 	 53.620042 
 2114 	 53.227695 
 2115 	 53.227695 
 2116 	 53.244753 
 2117 	 53.671217 
 2118 	 53.244753 
 2119 	 53.295929 
 2120 	 53.620042 
 2121 	 53.330046 
 2122 	 53.330046 
 2123 	 53.330046 
 2124 	 53.705334 
 2125 	 53.364163 
 2126 	 53.364163 
 2127 	 53.364163 
 2128 	 53.773569 
 2129 	 53.773569 
 2130 	 53.756510 
 2131 	 53.875920 
 2132 	 53.790627 
 2133 	 53.875920 
 2134 	 53.449456 
 2135 	 53.449456 
 2136 	 53.637100 
 2137 	 53.500632 
 2138 	 53.534749 
 2139 	 53.517690 
 2140 	 53.551807 
 2141 	 53.944154 
 2142 	 53.585924 
 2143 	 53.910037 
 2144 	 53.568866 
 2145 	 53.910037 
 2146 	 53.602983 
 2147 	 53.602983 
 2148 	 53.961213 
 2149 	 54.063564 
 2150 	 54.046506 
 2151 	 53.688276 
 2152 	 53.654159 
 2153 	 53.688276 
 2154 	 53.688276 
 2155 	 53.705334 
 2156 	 54.080623 
 2157 	 54.080623 
 2158 	 54.080623 
 2159 	 54.114740 
 2160 	 54.148857 
 2161 	 54.182974 
 2162 	 53.773569 
 2163 	 54.200033 
 2164 	 54.165915 
 2165 	 54.148857 
 2166 	 53.858861 
 2167 	 53.841803 
 2168 	 54.251208 
 2169 	 53.858861 
 2170 	 53.875920 
 2171 	 53.944154 
 2172 	 53.910037 
 2173 	 53.875920 
 2174 	 53.910037 
 2175 	 54.353560 
 2176 	 53.944154 
 2177 	 53.961213 
 2178 	 54.353560 
 2179 	 54.353560 
 2180 	 54.370618 
 2181 	 54.353560 
 2182 	 53.961213 
 2183 	 54.029447 
 2184 	 54.046506 
 2185 	 54.438852 
 2186 	 54.387677 
 2187 	 54.438852 
 2188 	 54.490028 
 2189 	 54.387677 
 2190 	 54.114740 
 2191 	 54.131798 
 2192 	 54.131798 
 2193 	 54.131798 
 2194 	 54.114740 
 2195 	 54.524145 
 2196 	 54.507087 
 2197 	 54.524145 
 2198 	 54.148857 
 2199 	 54.165915 
 2200 	 54.182974 
 2201 	 54.541204 
 2202 	 54.472969 
 2203 	 54.200033 
 2204 	 54.200033 
 2205 	 54.200033 
 2206 	 54.592379 
 2207 	 54.251208 
 2208 	 54.234150 
 2209 	 54.575321 
 2210 	 54.285325 
 2211 	 54.285325 
 2212 	 54.319442 
 2213 	 54.285325 
 2214 	 54.677672 
 2215 	 54.660614 
 2216 	 54.643555 
 2217 	 54.626496 
 2218 	 54.711789 
 2219 	 54.745906 
 2220 	 54.643555 
 2221 	 54.745906 
 2222 	 54.762965 
 2223 	 54.762965 
 2224 	 54.780024 
 2225 	 54.745906 
 2226 	 54.387677 
 2227 	 54.916492 
 2228 	 54.711789 
 2229 	 54.711789 
 2230 	 54.814141 
 2231 	 54.421794 
 2232 	 54.404735 
 2233 	 54.831199 
 2234 	 54.848258 
 2235 	 54.455911 
 2236 	 54.472969 
 2237 	 54.848258 
 2238 	 54.455911 
 2239 	 54.882375 
 2240 	 54.848258 
 2241 	 54.507087 
 2242 	 54.524145 
 2243 	 54.916492 
 2244 	 54.848258 
 2245 	 54.541204 
 2246 	 54.745906 
 2247 	 54.899433 
 2248 	 54.848258 
 2249 	 54.541204 
 2250 	 54.558262 
 2251 	 54.592379 
 2252 	 54.933551 
 2253 	 54.916492 
 2254 	 54.916492 
 2255 	 54.916492 
 2256 	 54.950609 
 2257 	 54.575321 
 2258 	 54.592379 
 2259 	 55.001785 
 2260 	 54.916492 
 2261 	 54.643555 
 2262 	 55.001785 
 2263 	 55.052960 
 2264 	 54.643555 
 2265 	 55.035902 
 2266 	 54.984726 
 2267 	 55.035902 
 2268 	 54.967668 
 2269 	 55.035902 
 2270 	 54.677672 
 2271 	 55.052960 
 2272 	 54.660614 
 2273 	 54.694731 
 2274 	 54.643555 
 2275 	 55.052960 
 2276 	 55.104136 
 2277 	 55.052960 
 2278 	 55.104136 
 2279 	 54.711789 
 2280 	 54.711789 
 2281 	 54.728848 
 2282 	 54.711789 
 2283 	 54.728848 
 2284 	 55.035902 
 2285 	 54.694731 
 2286 	 55.121195 
 2287 	 55.087078 
 2288 	 55.052960 
 2289 	 54.762965 
 2290 	 55.138253 
 2291 	 54.780024 
 2292 	 54.762965 
 2293 	 55.087078 
 2294 	 55.070019 
 2295 	 54.762965 
 2296 	 55.155312 
 2297 	 55.155312 
 2298 	 54.797082 
 2299 	 54.780024 
 2300 	 55.121195 
 2301 	 54.797082 
 2302 	 54.797082 
 2303 	 54.814141 
 2304 	 54.797082 
 2305 	 54.797082 
 2306 	 54.814141 
 2307 	 55.189429 
 2308 	 55.172370 
 2309 	 54.831199 
 2310 	 54.797082 
 2311 	 54.814141 
 2312 	 54.814141 
 2313 	 54.831199 
 2314 	 55.240605 
 2315 	 54.831199 
 2316 	 54.848258 
 2317 	 55.189429 
 2318 	 55.155312 
 2319 	 54.848258 
 2320 	 54.814141 
 2321 	 54.831199 
 2322 	 54.865316 
 2323 	 55.240605 
 2324 	 54.814141 
 2325 	 54.865316 
 2326 	 55.240605 
 2327 	 54.865316 
 2328 	 54.848258 
 2329 	 54.865316 
 2330 	 54.848258 
 2331 	 55.223546 
 2332 	 55.240605 
 2333 	 54.882375 
 2334 	 54.882375 
 2335 	 55.257663 
 2336 	 55.274722 
 2337 	 54.882375 
 2338 	 55.291780 
 2339 	 54.865316 
 2340 	 55.223546 
 2341 	 54.865316 
 2342 	 54.882375 
 2343 	 54.899433 
 2344 	 55.189429 
 2345 	 55.240605 
 2346 	 55.240605 
 2347 	 54.814141 
 2348 	 54.882375 
 2349 	 54.882375 
 2350 	 54.882375 
 2351 	 54.831199 
 2352 	 54.848258 
 2353 	 55.291780 
 2354 	 54.865316 
 2355 	 54.865316 
 2356 	 55.240605 
 2357 	 55.172370 
 2358 	 54.865316 
 2359 	 55.223546 
 2360 	 55.189429 
 2361 	 54.865316 
 2362 	 54.916492 
 2363 	 54.865316 
 2364 	 54.882375 
 2365 	 54.831199 
 2366 	 55.223546 
 2367 	 54.848258 
 2368 	 54.814141 
 2369 	 54.831199 
 2370 	 55.394132 
 2371 	 55.206488 
 2372 	 54.831199 
 2373 	 54.865316 
 2374 	 55.172370 
 2375 	 54.848258 
 2376 	 55.155312 
 2377 	 54.831199 
 2378 	 54.831199 
 2379 	 54.831199 
 2380 	 54.831199 
 2381 	 55.206488 
 2382 	 55.087078 
 2383 	 55.155312 
 2384 	 54.831199 
 2385 	 54.848258 
 2386 	 54.814141 
 2387 	 54.814141 
 2388 	 54.814141 
 2389 	 55.189429 
 2390 	 55.138253 
 2391 	 55.172370 
 2392 	 54.814141 
 2393 	 54.797082 
 2394 	 54.780024 
 2395 	 54.814141 
 2396 	 54.797082 
 2397 	 55.189429 
 2398 	 55.189429 
 2399 	 55.189429 
 2400 	 55.189429 
 2401 	 54.797082 
 2402 	 54.780024 
 2403 	 55.070019 
 2404 	 55.121195 
 2405 	 54.762965 
 2406 	 55.121195 
 2407 	 54.762965 
 2408 	 55.104136 
 2409 	 54.728848 
 2410 	 54.728848 
 2411 	 54.745906 
 2412 	 55.155312 
 2413 	 54.762965 
 2414 	 54.745906 
 2415 	 54.745906 
 2416 	 54.745906 
 2417 	 54.728848 
 2418 	 55.155312 
 2419 	 54.728848 
 2420 	 54.728848 
 2421 	 55.138253 
 2422 	 54.694731 
 2423 	 54.711789 
 2424 	 54.694731 
 2425 	 55.240605 
 2426 	 55.052960 
 2427 	 55.001785 
 2428 	 54.694731 
 2429 	 54.677672 
 2430 	 55.018843 
 2431 	 54.967668 
 2432 	 54.643555 
 2433 	 54.677672 
 2434 	 54.660614 
 2435 	 54.626496 
 2436 	 54.984726 
 2437 	 55.001785 
 2438 	 54.660614 
 2439 	 54.643555 
 2440 	 54.660614 
 2441 	 55.001785 
 2442 	 54.626496 
 2443 	 55.018843 
 2444 	 55.035902 
 2445 	 54.592379 
 2446 	 54.592379 
 2447 	 54.575321 
 2448 	 54.916492 
 2449 	 54.950609 
 2450 	 54.882375 
 2451 	 54.592379 
 2452 	 54.984726 
 2453 	 54.558262 
 2454 	 54.831199 
 2455 	 54.541204 
 2456 	 54.541204 
 2457 	 54.524145 
 2458 	 54.558262 
 2459 	 54.848258 
 2460 	 54.507087 
 2461 	 54.933551 
 2462 	 54.507087 
 2463 	 54.780024 
 2464 	 54.899433 
 2465 	 54.797082 
 2466 	 54.762965 
 2467 	 54.780024 
 2468 	 54.882375 
 2469 	 54.831199 
 2470 	 54.387677 
 2471 	 54.814141 
 2472 	 54.421794 
 2473 	 54.762965 
 2474 	 54.421794 
 2475 	 54.404735 
 2476 	 54.797082 
 2477 	 54.370618 
 2478 	 54.387677 
 2479 	 54.762965 
 2480 	 54.353560 
 2481 	 54.336501 
 2482 	 54.677672 
 2483 	 54.336501 
 2484 	 54.677672 
 2485 	 54.626496 
 2486 	 54.319442 
 2487 	 54.319442 
 2488 	 54.660614 
 2489 	 54.643555 
 2490 	 54.660614 
 2491 	 54.285325 
 2492 	 54.234150 
 2493 	 54.251208 
 2494 	 54.575321 
 2495 	 54.626496 
 2496 	 54.217091 
 2497 	 54.575321 
 2498 	 54.609438 
 2499 	 54.182974 
 2500 	 54.234150 
 2501 	 54.609438 
 2502 	 54.182974 
 2503 	 54.182974 
 2504 	 54.148857 
 2505 	 54.507087 
 2506 	 54.097681 
 2507 	 54.404735 
 2508 	 54.558262 
 2509 	 54.148857 
 2510 	 54.114740 
 2511 	 54.472969 
 2512 	 54.490028 
 2513 	 54.063564 
 2514 	 54.063564 
 2515 	 54.404735 
 2516 	 54.063564 
 2517 	 54.490028 
 2518 	 54.404735 
 2519 	 54.046506 
 2520 	 54.353560 
 2521 	 54.012388 
 2522 	 54.012388 
 2523 	 53.995330 
 2524 	 53.978271 
 2525 	 53.961213 
 2526 	 53.961213 
 2527 	 53.978271 
 2528 	 54.319442 
 2529 	 53.944154 
 2530 	 54.251208 
 2531 	 53.927096 
 2532 	 53.910037 
 2533 	 53.892978 
 2534 	 54.251208 
 2535 	 53.892978 
 2536 	 53.858861 
 2537 	 54.234150 
 2538 	 53.858861 
 2539 	 53.841803 
 2540 	 53.858861 
 2541 	 54.165915 
 2542 	 54.217091 
 2543 	 54.080623 
 2544 	 53.790627 
 2545 	 53.790627 
 2546 	 53.773569 
 2547 	 53.756510 
 2548 	 54.046506 
 2549 	 53.739451 
 2550 	 53.722393 
 2551 	 53.722393 
 2552 	 53.688276 
 2553 	 53.995330 
 2554 	 53.671217 
 2555 	 53.671217 
 2556 	 54.029447 
 2557 	 53.671217 
 2558 	 53.978271 
 2559 	 53.978271 
 2560 	 53.602983 
 2561 	 53.995330 
 2562 	 53.585924 
 2563 	 53.961213 
 2564 	 53.995330 
 2565 	 53.534749 
 2566 	 53.910037 
 2567 	 53.807686 
 2568 	 53.892978 
 2569 	 53.841803 
 2570 	 53.483573 
 2571 	 53.466515 
 2572 	 53.466515 
 2573 	 53.449456 
 2574 	 53.449456 
 2575 	 53.415339 
 2576 	 53.807686 
 2577 	 53.449456 
 2578 	 53.739451 
 2579 	 53.807686 
 2580 	 53.415339 
 2581 	 53.330046 
 2582 	 53.671217 
 2583 	 53.347105 
 2584 	 53.364163 
 2585 	 53.312988 
 2586 	 53.295929 
 2587 	 53.295929 
 2588 	 53.278870 
 2589 	 53.278870 
 2590 	 53.261812 
 2591 	 53.620042 
 2592 	 53.261812 
 2593 	 53.568866 
 2594 	 53.261812 
 2595 	 53.500632 
 2596 	 53.466515 
 2597 	 53.551807 
 2598 	 53.193578 
 2599 	 53.449456 
 2600 	 53.125343 
 2601 	 53.125343 
 2602 	 53.449456 
 2603 	 53.108285 
 2604 	 53.483573 
 2605 	 53.432397 
 2606 	 53.091226 
 2607 	 53.381222 
 2608 	 53.364163 
 2609 	 53.398280 
 2610 	 53.398280 
 2611 	 53.005934 
 2612 	 52.988875 
 2613 	 53.312988 
 2614 	 52.971816 
 2615 	 52.920641 
 2616 	 53.295929 
 2617 	 52.937699 
 2618 	 53.295929 
 2619 	 52.886524 
 2620 	 53.261812 
 2621 	 52.869465 
 2622 	 52.869465 
 2623 	 52.852407 
 2624 	 52.818289 
 2625 	 52.835348 
 2626 	 52.818289 
 2627 	 52.784172 
 2628 	 53.176519 
 2629 	 53.159461 
 2630 	 52.750055 
 2631 	 53.176519 
 2632 	 53.091226 
 2633 	 52.698880 
 2634 	 53.125343 
 2635 	 53.108285 
 2636 	 52.681821 
 2637 	 53.108285 
 2638 	 52.647704 
 2639 	 52.664762 
 2640 	 52.954758 
 2641 	 52.613587 
 2642 	 52.954758 
 2643 	 52.613587 
 2644 	 52.579470 
 2645 	 52.562411 
 2646 	 52.545353 
 2647 	 52.852407 
 2648 	 52.545353 
 2649 	 53.057109 
 2650 	 52.852407 
 2651 	 52.460060 
 2652 	 52.494177 
 2653 	 52.869465 
 2654 	 52.460060 
 2655 	 52.460060 
 2656 	 52.443001 
 2657 	 52.460060 
 2658 	 52.732997 
 2659 	 52.408884 
 2660 	 52.767114 
 2661 	 52.391826 
 2662 	 52.374767 
 2663 	 52.357708 
 2664 	 52.323591 
 2665 	 52.323591 
 2666 	 52.306533 
 2667 	 52.289474 
 2668 	 52.255357 
 2669 	 52.630645 
 2670 	 52.647704 
 2671 	 52.204181 
 2672 	 52.221240 
 2673 	 52.596528 
 2674 	 52.528294 
 2675 	 52.528294 
 2676 	 52.460060 
 2677 	 52.153006 
 2678 	 52.153006 
 2679 	 52.153006 
 2680 	 52.425943 
 2681 	 52.118889 
 2682 	 52.408884 
 2683 	 52.408884 
 2684 	 52.374767 
 2685 	 52.033596 
 2686 	 52.016537 
 2687 	 51.982420 
 2688 	 52.391826 
 2689 	 51.999479 
 2690 	 52.323591 
 2691 	 52.306533 
 2692 	 51.948303 
 2693 	 51.965362 
 2694 	 51.948303 
 2695 	 51.914186 
 2696 	 52.289474 
 2697 	 51.914186 
 2698 	 52.204181 
 2699 	 52.204181 
 2700 	 51.845952 
 2701 	 52.238299 
 2702 	 51.828893 
 2703 	 51.794776 
 2704 	 52.101830 
 2705 	 51.794776 
 2706 	 52.153006 
 2707 	 51.777718 
 2708 	 52.118889 
 2709 	 52.067713 
 2710 	 52.033596 
 2711 	 51.709483 
 2712 	 52.084772 
 2713 	 51.675366 
 2714 	 51.692425 
 2715 	 52.084772 
 2716 	 52.050654 
 2717 	 52.067713 
 2718 	 51.624191 
 2719 	 51.624191 
 2720 	 51.931245 
 2721 	 51.948303 
 2722 	 51.573015 
 2723 	 51.897127 
 2724 	 51.555956 
 2725 	 51.931245 
 2726 	 51.521839 
 2727 	 51.845952 
 2728 	 51.845952 
 2729 	 51.487722 
 2730 	 51.504781 
 2731 	 51.470664 
 2732 	 51.470664 
 2733 	 51.794776 
 2734 	 51.470664 
 2735 	 51.777718 
 2736 	 51.436547 
 2737 	 51.419488 
 2738 	 51.385371 
 2739 	 51.402429 
 2740 	 51.709483 
 2741 	 51.334195 
 2742 	 51.726542 
 2743 	 51.624191 
 2744 	 51.317137 
 2745 	 51.300078 
 2746 	 51.283020 
 2747 	 51.248902 
 2748 	 51.675366 
 2749 	 51.248902 
 2750 	 51.590073 
 2751 	 51.231844 
 2752 	 51.231844 
 2753 	 51.214785 
 2754 	 51.197727 
 2755 	 51.573015 
 2756 	 51.197727 
 2757 	 51.197727 
 2758 	 51.180668 
 2759 	 51.555956 
 2760 	 51.129493 
 2761 	 51.470664 
 2762 	 51.538898 
 2763 	 51.436547 
 2764 	 51.419488 
 2765 	 51.061258 
 2766 	 51.078317 
 2767 	 51.385371 
 2768 	 51.385371 
 2769 	 51.436547 
 2770 	 51.351254 
 2771 	 51.419488 
 2772 	 51.351254 
 2773 	 51.351254 
 2774 	 50.907731 
 2775 	 51.385371 
 2776 	 51.300078 
 2777 	 51.317137 
 2778 	 50.941849 
 2779 	 50.941849 
 2780 	 50.890673 
 2781 	 51.248902 
 2782 	 50.873614 
 2783 	 50.890673 
 2784 	 51.231844 
 2785 	 50.839497 
 2786 	 51.214785 
 2787 	 50.856556 
 2788 	 51.163610 
 2789 	 51.197727 
 2790 	 50.805380 
 2791 	 50.771263 
 2792 	 50.737146 
 2793 	 50.754204 
 2794 	 50.754204 
 2795 	 50.737146 
 2796 	 50.737146 
 2797 	 50.754204 
 2798 	 51.112434 
 2799 	 50.703029 
 2800 	 50.685970 
 2801 	 50.703029 
 2802 	 50.668912 
 2803 	 50.703029 
 2804 	 50.634795 
 2805 	 51.044200 
 2806 	 51.044200 
 2807 	 50.600677 
 2808 	 51.027141 
 2809 	 50.549502 
 2810 	 50.600677 
 2811 	 50.993024 
 2812 	 50.600677 
 2813 	 50.583619 
 2814 	 50.583619 
 2815 	 50.924790 
 2816 	 50.873614 
 2817 	 50.549502 
 2818 	 50.805380 
 2819 	 50.924790 
 2820 	 50.515385 
 2821 	 50.498326 
 2822 	 50.498326 
 2823 	 50.907731 
 2824 	 50.890673 
 2825 	 50.788322 
 2826 	 50.481268 
 2827 	 50.430092 
 2828 	 50.464209 
 2829 	 50.447151 
 2830 	 50.447151 
 2831 	 50.395975 
 2832 	 50.788322 
 2833 	 50.754204 
 2834 	 50.771263 
 2835 	 50.395975 
 2836 	 50.788322 
 2837 	 50.771263 
 2838 	 50.703029 
 2839 	 50.720087 
 2840 	 50.378916 
 2841 	 50.344799 
 2842 	 50.327741 
 2843 	 50.737146 
 2844 	 50.805380 
 2845 	 50.344799 
 2846 	 50.310682 
 2847 	 50.327741 
 2848 	 50.685970 
 2849 	 50.617736 
 2850 	 50.703029 
 2851 	 50.276565 
 2852 	 50.651853 
 2853 	 50.600677 
 2854 	 50.634795 
 2855 	 50.515385 
 2856 	 50.259506 
 2857 	 50.242448 
 2858 	 50.242448 
 2859 	 50.617736 
 2860 	 50.583619 
 2861 	 50.191272 
 2862 	 50.225389 
 2863 	 50.174214 
 2864 	 50.208331 
 2865 	 50.191272 
 2866 	 50.174214 
 2867 	 50.549502 
 2868 	 50.140097 
 2869 	 50.157155 
 2870 	 50.532443 
 2871 	 50.157155 
 2872 	 50.464209 
 2873 	 50.566560 
 2874 	 50.515385 
 2875 	 50.105980 
 2876 	 50.140097 
 2877 	 50.430092 
 2878 	 50.464209 
 2879 	 50.464209 
 2880 	 50.395975 
 2881 	 50.088921 
 2882 	 50.395975 
 2883 	 50.378916 
 2884 	 50.054804 
 2885 	 50.361858 
 2886 	 50.054804 
 2887 	 50.447151 
 2888 	 50.037745 
 2889 	 50.037745 
 2890 	 50.020687 
 2891 	 50.413033 
 2892 	 50.361858 
 2893 	 50.378916 
 2894 	 50.378916 
 2895 	 50.361858 
 2896 	 50.310682 
 2897 	 50.003628 
 2898 	 50.395975 
 2899 	 50.361858 
 2900 	 50.020687 
 2901 	 50.003628 
 2902 	 50.361858 
 2903 	 50.395975 
 2904 	 49.952453 
 2905 	 50.327741 
 2906 	 49.969511 
 2907 	 50.532443 
 2908 	 49.969511 
 2909 	 49.952453 
 2910 	 49.935394 
 2911 	 50.361858 
 2912 	 50.293624 
 2913 	 50.327741 
 2914 	 50.310682 
 2915 	 49.952453 
 2916 	 50.327741 
 2917 	 50.327741 
 2918 	 50.310682 
 2919 	 49.935394 
 2920 	 49.935394 
 2921 	 50.310682 
 2922 	 50.225389 
 2923 	 50.276565 
 2924 	 50.310682 
 2925 	 49.901277 
 2926 	 50.310682 
 2927 	 49.918335 
 2928 	 49.918335 
 2929 	 50.310682 
 2930 	 49.918335 
 2931 	 50.310682 
 2932 	 49.918335 
 2933 	 50.310682 
 2934 	 49.918335 
 2935 	 50.327741 
 2936 	 49.918335 
 2937 	 49.901277 
 2938 	 49.901277 
 2939 	 49.884218 
 2940 	 49.884218 
 2941 	 49.901277 
 2942 	 49.884218 
 2943 	 50.430092 
 2944 	 50.191272 
 2945 	 50.208331 
 2946 	 49.884218 
 2947 	 50.174214 
 2948 	 49.884218 
 2949 	 49.901277 
 2950 	 50.191272 
 2951 	 50.191272 
 2952 	 49.918335 
 2953 	 50.208331 
 2954 	 49.901277 
 2955 	 49.884218 
 2956 	 50.242448 
 2957 	 50.242448 
 2958 	 49.833043 
 2959 	 49.867160 
 2960 	 50.208331 
 2961 	 50.293624 
 2962 	 49.850101 
 2963 	 50.191272 
 2964 	 50.208331 
 2965 	 50.259506 
 2966 	 50.276565 
 2967 	 50.242448 
 2968 	 49.867160 
 2969 	 49.884218 
 2970 	 49.815984 
 2971 	 49.867160 
 2972 	 49.867160 
 2973 	 49.867160 
 2974 	 50.259506 
 2975 	 49.884218 
 2976 	 49.884218 
 2977 	 50.242448 
 2978 	 49.833043 
 2979 	 49.850101 
 2980 	 50.242448 
 2981 	 49.884218 
 2982 	 49.867160 
 2983 	 50.242448 
 2984 	 50.225389 
 2985 	 50.174214 
 2986 	 50.259506 
 2987 	 50.191272 
 2988 	 50.310682 
 2989 	 50.191272 
 2990 	 50.225389 
 2991 	 50.242448 
 2992 	 49.884218 
 2993 	 49.935394 
 2994 	 49.884218 
 2995 	 49.884218 
 2996 	 49.935394 
 2997 	 49.901277 
 2998 	 49.901277 
 2999 	 49.918335 
 3000 	 50.242448 
 3001 	 49.918335 
 3002 	 50.259506 
 3003 	 49.918335 
 3004 	 49.901277 
 3005 	 49.935394 
 3006 	 49.901277 
 3007 	 49.918335 
 3008 	 50.259506 
 3009 	 50.242448 
 3010 	 49.952453 
 3011 	 50.276565 
 3012 	 49.952453 
 3013 	 50.293624 
 3014 	 50.020687 
 3015 	 50.293624 
 3016 	 49.986570 
 3017 	 50.361858 
 3018 	 50.310682 
 3019 	 50.293624 
 3020 	 49.986570 
 3021 	 49.986570 
 3022 	 49.986570 
 3023 	 50.020687 
 3024 	 49.986570 
 3025 	 50.395975 
 3026 	 50.344799 
 3027 	 50.430092 
 3028 	 50.020687 
 3029 	 50.430092 
 3030 	 50.293624 
 3031 	 50.378916 
 3032 	 50.413033 
 3033 	 50.447151 
 3034 	 50.037745 
 3035 	 50.037745 
 3036 	 50.037745 
 3037 	 50.378916 
 3038 	 50.413033 
 3039 	 50.071862 
 3040 	 50.088921 
 3041 	 50.157155 
 3042 	 50.464209 
 3043 	 50.071862 
 3044 	 50.361858 
 3045 	 50.054804 
 3046 	 50.088921 
 3047 	 50.105980 
 3048 	 50.105980 
 3049 	 50.071862 
 3050 	 50.515385 
 3051 	 50.498326 
 3052 	 50.430092 
 3053 	 50.532443 
 3054 	 50.105980 
 3055 	 50.447151 
 3056 	 50.140097 
 3057 	 50.532443 
 3058 	 50.140097 
 3059 	 50.430092 
 3060 	 50.157155 
 3061 	 50.157155 
 3062 	 50.157155 
 3063 	 50.174214 
 3064 	 50.208331 
 3065 	 50.157155 
 3066 	 50.566560 
 3067 	 50.208331 
 3068 	 50.191272 
 3069 	 50.225389 
 3070 	 50.566560 
 3071 	 50.583619 
 3072 	 50.259506 
 3073 	 50.651853 
 3074 	 50.242448 
 3075 	 50.651853 
 3076 	 50.651853 
 3077 	 50.276565 
 3078 	 50.310682 
 3079 	 50.293624 
 3080 	 50.293624 
 3081 	 50.310682 
 3082 	 50.293624 
 3083 	 50.651853 
 3084 	 50.310682 
 3085 	 50.344799 
 3086 	 50.737146 
 3087 	 50.344799 
 3088 	 50.754204 
 3089 	 50.378916 
 3090 	 50.788322 
 3091 	 50.395975 
 3092 	 50.890673 
 3093 	 50.395975 
 3094 	 50.413033 
 3095 	 50.430092 
 3096 	 50.754204 
 3097 	 50.447151 
 3098 	 50.737146 
 3099 	 50.788322 
 3100 	 50.788322 
 3101 	 50.805380 
 3102 	 50.464209 
 3103 	 50.839497 
 3104 	 50.839497 
 3105 	 50.498326 
 3106 	 50.532443 
 3107 	 50.532443 
 3108 	 50.515385 
 3109 	 50.873614 
 3110 	 50.788322 
 3111 	 50.532443 
 3112 	 50.873614 
 3113 	 50.993024 
 3114 	 50.907731 
 3115 	 50.975966 
 3116 	 50.617736 
 3117 	 50.600677 
 3118 	 50.907731 
 3119 	 50.600677 
 3120 	 51.027141 
 3121 	 51.061258 
 3122 	 50.668912 
 3123 	 50.651853 
 3124 	 51.027141 
 3125 	 51.095375 
 3126 	 51.095375 
 3127 	 50.720087 
 3128 	 50.720087 
 3129 	 51.061258 
 3130 	 50.754204 
 3131 	 50.754204 
 3132 	 51.061258 
 3133 	 51.163610 
 3134 	 51.129493 
 3135 	 50.805380 
 3136 	 50.805380 
 3137 	 51.231844 
 3138 	 50.805380 
 3139 	 51.197727 
 3140 	 51.214785 
 3141 	 51.214785 
 3142 	 51.180668 
 3143 	 50.839497 
 3144 	 51.180668 
 3145 	 50.890673 
 3146 	 50.890673 
 3147 	 50.907731 
 3148 	 51.283020 
 3149 	 51.214785 
 3150 	 51.265961 
 3151 	 50.941849 
 3152 	 51.317137 
 3153 	 50.941849 
 3154 	 50.975966 
 3155 	 51.351254 
 3156 	 51.010083 
 3157 	 51.027141 
 3158 	 51.027141 
 3159 	 51.351254 
 3160 	 51.044200 
 3161 	 51.044200 
 3162 	 51.402429 
 3163 	 51.487722 
 3164 	 51.061258 
 3165 	 51.436547 
 3166 	 51.146551 
 3167 	 51.453605 
 3168 	 51.146551 
 3169 	 51.658308 
 3170 	 51.146551 
 3171 	 51.146551 
 3172 	 51.521839 
 3173 	 51.607132 
 3174 	 51.590073 
 3175 	 51.231844 
 3176 	 51.197727 
 3177 	 51.214785 
 3178 	 51.641249 
 3179 	 51.675366 
 3180 	 51.265961 
 3181 	 51.300078 
 3182 	 51.283020 
 3183 	 51.300078 
 3184 	 51.658308 
 3185 	 51.334195 
 3186 	 51.351254 
 3187 	 51.743600 
 3188 	 51.385371 
 3189 	 51.368312 
 3190 	 51.760659 
 3191 	 51.760659 
 3192 	 51.385371 
 3193 	 51.453605 
 3194 	 51.828893 
 3195 	 51.453605 
 3196 	 51.863010 
 3197 	 51.863010 
 3198 	 51.521839 
 3199 	 51.863010 
 3200 	 51.931245 
 3201 	 52.101830 
 3202 	 51.555956 
 3203 	 51.590073 
 3204 	 51.931245 
 3205 	 51.573015 
 3206 	 51.965362 
 3207 	 51.982420 
 3208 	 51.931245 
 3209 	 51.624191 
 3210 	 51.658308 
 3211 	 51.641249 
 3212 	 51.999479 
 3213 	 51.692425 
 3214 	 51.726542 
 3215 	 51.726542 
 3216 	 52.101830 
 3217 	 51.743600 
 3218 	 51.743600 
 3219 	 52.170064 
 3220 	 52.101830 
 3221 	 51.999479 
 3222 	 51.811835 
 3223 	 51.863010 
 3224 	 51.845952 
 3225 	 51.828893 
 3226 	 52.255357 
 3227 	 52.255357 
 3228 	 52.289474 
 3229 	 51.897127 
 3230 	 51.931245 
 3231 	 51.948303 
 3232 	 51.914186 
 3233 	 52.204181 
 3234 	 52.272416 
 3235 	 51.965362 
 3236 	 52.084772 
 3237 	 52.306533 
 3238 	 52.391826 
 3239 	 52.033596 
 3240 	 52.033596 
 3241 	 52.033596 
 3242 	 52.067713 
 3243 	 52.084772 
 3244 	 52.408884 
 3245 	 52.118889 
 3246 	 52.118889 
 3247 	 52.135947 
 3248 	 52.135947 
 3249 	 52.135947 
 3250 	 52.528294 
 3251 	 52.425943 
 3252 	 52.170064 
 3253 	 52.511235 
 3254 	 52.596528 
 3255 	 52.664762 
 3256 	 52.562411 
 3257 	 52.255357 
 3258 	 52.255357 
 3259 	 52.647704 
 3260 	 52.323591 
 3261 	 52.340650 
 3262 	 52.306533 
 3263 	 52.630645 
 3264 	 52.750055 
 3265 	 52.374767 
 3266 	 52.750055 
 3267 	 52.391826 
 3268 	 52.374767 
 3269 	 52.818289 
 3270 	 52.443001 
 3271 	 52.477118 
 3272 	 52.477118 
 3273 	 52.460060 
 3274 	 52.869465 
 3275 	 52.579470 
 3276 	 52.886524 
 3277 	 52.903582 
 3278 	 52.886524 
 3279 	 53.108285 
 3280 	 52.579470 
 3281 	 53.005934 
 3282 	 52.596528 
 3283 	 52.596528 
 3284 	 52.630645 
 3285 	 52.630645 
 3286 	 52.630645 
 3287 	 52.647704 
 3288 	 53.022992 
 3289 	 52.698880 
 3290 	 52.715938 
 3291 	 52.732997 
 3292 	 52.715938 
 3293 	 52.732997 
 3294 	 52.750055 
 3295 	 53.091226 
 3296 	 53.142402 
 3297 	 53.142402 
 3298 	 53.210636 
 3299 	 52.852407 
 3300 	 52.818289 
 3301 	 52.835348 
 3302 	 52.835348 
 3303 	 52.869465 
 3304 	 52.903582 
 3305 	 52.801231 
 3306 	 52.920641 
 3307 	 52.920641 
 3308 	 53.312988 
 3309 	 53.364163 
 3310 	 52.988875 
 3311 	 52.937699 
 3312 	 53.330046 
 3313 	 52.988875 
 3314 	 53.022992 
 3315 	 53.381222 
 3316 	 53.040051 
 3317 	 53.432397 
 3318 	 53.040051 
 3319 	 53.091226 
 3320 	 53.449456 
 3321 	 53.108285 
 3322 	 53.091226 
 3323 	 53.074168 
 3324 	 53.142402 
 3325 	 53.517690 
 3326 	 53.176519 
 3327 	 53.176519 
 3328 	 53.176519 
 3329 	 53.210636 
 3330 	 53.210636 
 3331 	 53.210636 
 3332 	 53.517690 
 3333 	 53.568866 
 3334 	 53.261812 
 3335 	 53.261812 
 3336 	 53.295929 
 3337 	 53.295929 
 3338 	 53.602983 
 3339 	 53.620042 
 3340 	 53.312988 
 3341 	 53.722393 
 3342 	 53.705334 
 3343 	 53.364163 
 3344 	 53.790627 
 3345 	 53.790627 
 3346 	 53.790627 
 3347 	 53.432397 
 3348 	 53.432397 
 3349 	 53.449456 
 3350 	 53.824744 
 3351 	 53.466515 
 3352 	 53.807686 
 3353 	 53.517690 
 3354 	 53.875920 
 3355 	 53.978271 
 3356 	 53.534749 
 3357 	 53.551807 
 3358 	 53.585924 
 3359 	 53.568866 
 3360 	 53.961213 
 3361 	 53.927096 
 3362 	 53.517690 
 3363 	 54.029447 
 3364 	 53.620042 
 3365 	 54.046506 
 3366 	 53.637100 
 3367 	 53.995330 
 3368 	 53.637100 
 3369 	 53.705334 
 3370 	 53.688276 
 3371 	 54.080623 
 3372 	 53.705334 
 3373 	 53.739451 
 3374 	 53.722393 
 3375 	 54.063564 
 3376 	 53.756510 
 3377 	 53.773569 
 3378 	 54.063564 
 3379 	 54.182974 
 3380 	 54.182974 
 3381 	 54.148857 
 3382 	 53.824744 
 3383 	 53.841803 
 3384 	 53.841803 
 3385 	 54.148857 
 3386 	 53.875920 
 3387 	 53.875920 
 3388 	 53.841803 
 3389 	 53.875920 
 3390 	 53.892978 
 3391 	 53.858861 
 3392 	 53.910037 
 3393 	 53.927096 
 3394 	 54.234150 
 3395 	 54.285325 
 3396 	 53.944154 
 3397 	 54.285325 
 3398 	 54.319442 
 3399 	 54.285325 
 3400 	 53.978271 
 3401 	 53.978271 
 3402 	 54.012388 
 3403 	 54.063564 
 3404 	 54.012388 
 3405 	 54.012388 
 3406 	 54.046506 
 3407 	 54.063564 
 3408 	 54.336501 
 3409 	 54.063564 
 3410 	 54.472969 
 3411 	 53.978271 
 3412 	 54.080623 
 3413 	 54.097681 
 3414 	 54.438852 
 3415 	 54.114740 
 3416 	 54.080623 
 3417 	 54.148857 
 3418 	 54.490028 
 3419 	 54.455911 
 3420 	 54.165915 
 3421 	 54.182974 
 3422 	 54.472969 
 3423 	 54.558262 
 3424 	 54.182974 
 3425 	 54.575321 
 3426 	 54.592379 
 3427 	 54.234150 
 3428 	 54.234150 
 3429 	 54.234150 
 3430 	 54.643555 
 3431 	 54.643555 
 3432 	 54.592379 
 3433 	 54.285325 
 3434 	 54.302384 
 3435 	 54.660614 
 3436 	 54.268267 
 3437 	 54.234150 
 3438 	 54.302384 
 3439 	 54.302384 
 3440 	 54.728848 
 3441 	 54.677672 
 3442 	 54.336501 
 3443 	 54.302384 
 3444 	 54.353560 
 3445 	 54.268267 
 3446 	 54.353560 
 3447 	 54.336501 
 3448 	 54.745906 
 3449 	 54.387677 
 3450 	 54.370618 
 3451 	 54.387677 
 3452 	 54.762965 
 3453 	 54.745906 
 3454 	 54.762965 
 3455 	 54.438852 
 3456 	 54.814141 
 3457 	 54.387677 
 3458 	 54.421794 
 3459 	 54.865316 
 3460 	 54.455911 
 3461 	 54.677672 
 3462 	 54.472969 
 3463 	 54.507087 
 3464 	 54.797082 
 3465 	 54.472969 
 3466 	 54.472969 
 3467 	 54.762965 
 3468 	 54.899433 
 3469 	 54.524145 
 3470 	 54.507087 
 3471 	 54.490028 
 3472 	 54.490028 
 3473 	 54.524145 
 3474 	 54.933551 
 3475 	 54.848258 
 3476 	 54.558262 
 3477 	 54.524145 
 3478 	 54.558262 
 3479 	 54.524145 
 3480 	 54.541204 
 3481 	 54.916492 
 3482 	 54.899433 
 3483 	 54.558262 
 3484 	 54.558262 
 3485 	 54.575321 
 3486 	 54.558262 
 3487 	 54.575321 
 3488 	 54.592379 
 3489 	 54.899433 
 3490 	 54.933551 
 3491 	 54.933551 
 3492 	 54.609438 
 3493 	 54.967668 
 3494 	 54.916492 
 3495 	 54.933551 
 3496 	 54.609438 
 3497 	 54.660614 
 3498 	 54.967668 
 3499 	 55.001785 
 3500 	 54.950609 
 3501 	 54.643555 
 3502 	 54.950609 
 3503 	 54.694731 
 3504 	 54.643555 
 3505 	 54.626496 
 3506 	 54.677672 
 3507 	 54.694731 
 3508 	 55.001785 
 3509 	 54.660614 
 3510 	 55.001785 
 3511 	 54.694731 
 3512 	 55.052960 
 3513 	 55.001785 
 3514 	 54.950609 
 3515 	 55.018843 
 3516 	 54.660614 
 3517 	 55.070019 
 3518 	 55.001785 
 3519 	 54.899433 
 3520 	 54.660614 
 3521 	 55.087078 
 3522 	 54.694731 
 3523 	 54.745906 
 3524 	 54.728848 
 3525 	 54.694731 
 3526 	 54.728848 
 3527 	 55.121195 
 3528 	 54.728848 
 3529 	 54.728848 
 3530 	 55.087078 
 3531 	 55.018843 
 3532 	 55.070019 
 3533 	 55.138253 
 3534 	 55.121195 
 3535 	 55.052960 
 3536 	 55.121195 
 3537 	 55.035902 
 3538 	 54.694731 
 3539 	 55.018843 
 3540 	 55.104136 
 3541 	 55.070019 
 3542 	 54.711789 
 3543 	 55.138253 
 3544 	 54.711789 
 3545 	 54.677672 
 3546 	 54.711789 
 3547 	 55.121195 
 3548 	 55.052960 
 3549 	 55.155312 
 3550 	 54.728848 
 3551 	 55.087078 
 3552 	 54.762965 
 3553 	 54.728848 
 3554 	 55.070019 
 3555 	 55.052960 
 3556 	 55.104136 
 3557 	 55.070019 
 3558 	 54.711789 
 3559 	 54.728848 
 3560 	 55.138253 
 3561 	 54.711789 
 3562 	 55.104136 
 3563 	 54.711789 
 3564 	 54.711789 
 3565 	 55.121195 
 3566 	 55.070019 
 3567 	 54.711789 
 3568 	 54.711789 
 3569 	 54.711789 
 3570 	 55.052960 
 3571 	 54.694731 
 3572 	 54.711789 
 3573 	 55.052960 
 3574 	 54.728848 
 3575 	 54.677672 
 3576 	 55.104136 
 3577 	 55.121195 
 3578 	 54.711789 
 3579 	 54.711789 
 3580 	 55.035902 
 3581 	 54.728848 
 3582 	 55.155312 
 3583 	 54.728848 
 3584 	 54.711789 
 3585 	 54.711789 
 3586 	 54.677672 
 3587 	 54.677672 
 3588 	 54.694731 
 3589 	 54.711789 
 3590 	 54.677672 
 3591 	 54.677672 
 3592 	 54.677672 
 3593 	 55.087078 
 3594 	 55.018843 
 3595 	 54.660614 
 3596 	 55.070019 
 3597 	 54.660614 
 3598 	 54.643555 
 3599 	 55.104136 
 3600 	 54.677672 
 3601 	 54.694731 
 3602 	 55.001785 
 3603 	 54.660614 
 3604 	 55.087078 
 3605 	 54.677672 
 3606 	 55.018843 
 3607 	 54.950609 
 3608 	 54.660614 
 3609 	 54.660614 
 3610 	 54.984726 
 3611 	 55.018843 
 3612 	 54.609438 
 3613 	 54.933551 
 3614 	 54.967668 
 3615 	 54.609438 
 3616 	 54.933551 
 3617 	 54.592379 
 3618 	 54.592379 
 3619 	 54.933551 
 3620 	 54.933551 
 3621 	 54.575321 
 3622 	 54.916492 
 3623 	 54.916492 
 3624 	 54.592379 
 3625 	 54.558262 
 3626 	 54.865316 
 3627 	 54.575321 
 3628 	 54.848258 
 3629 	 54.899433 
 3630 	 54.558262 
 3631 	 54.916492 
 3632 	 54.865316 
 3633 	 54.899433 
 3634 	 54.507087 
 3635 	 54.933551 
 3636 	 54.507087 
 3637 	 54.490028 
 3638 	 54.882375 
 3639 	 54.490028 
 3640 	 54.814141 
 3641 	 54.490028 
 3642 	 54.797082 
 3643 	 54.472969 
 3644 	 54.455911 
 3645 	 54.780024 
 3646 	 54.797082 
 3647 	 54.455911 
 3648 	 54.762965 
 3649 	 54.438852 
 3650 	 54.455911 
 3651 	 54.831199 
 3652 	 54.404735 
 3653 	 54.745906 
 3654 	 54.387677 
 3655 	 54.421794 
 3656 	 54.387677 
 3657 	 54.353560 
 3658 	 54.728848 
 3659 	 54.370618 
 3660 	 54.711789 
 3661 	 54.711789 
 3662 	 54.797082 
 3663 	 54.353560 
 3664 	 54.745906 
 3665 	 54.319442 
 3666 	 54.319442 
 3667 	 54.336501 
 3668 	 54.728848 
 3669 	 54.694731 
 3670 	 54.285325 
 3671 	 54.217091 
 3672 	 54.711789 
 3673 	 54.694731 
 3674 	 54.285325 
 3675 	 54.592379 
 3676 	 54.268267 
 3677 	 54.677672 
 3678 	 54.302384 
 3679 	 54.251208 
 3680 	 54.268267 
 3681 	 54.217091 
 3682 	 54.217091 
 3683 	 54.217091 
 3684 	 54.558262 
 3685 	 54.643555 
 3686 	 54.234150 
 3687 	 54.490028 
 3688 	 54.558262 
 3689 	 54.217091 
 3690 	 54.558262 
 3691 	 54.131798 
 3692 	 54.319442 
 3693 	 54.148857 
 3694 	 54.114740 
 3695 	 54.455911 
 3696 	 54.438852 
 3697 	 54.455911 
 3698 	 54.421794 
 3699 	 54.524145 
 3700 	 54.370618 
 3701 	 54.080623 
 3702 	 54.421794 
 3703 	 54.046506 
 3704 	 54.046506 
 3705 	 54.046506 
 3706 	 54.370618 
 3707 	 54.387677 
 3708 	 53.978271 
 3709 	 53.978271 
 3710 	 54.370618 
 3711 	 53.995330 
 3712 	 54.353560 
 3713 	 53.944154 
 3714 	 53.944154 
 3715 	 53.910037 
 3716 	 54.285325 
 3717 	 54.234150 
 3718 	 54.472969 
 3719 	 53.892978 
 3720 	 53.910037 
 3721 	 53.875920 
 3722 	 53.858861 
 3723 	 53.824744 
 3724 	 54.165915 
 3725 	 53.824744 
 3726 	 53.858861 
 3727 	 53.824744 
 3728 	 53.841803 
 3729 	 53.807686 
 3730 	 54.131798 
 3731 	 54.097681 
 3732 	 54.165915 
 3733 	 54.080623 
 3734 	 54.063564 
 3735 	 54.182974 
 3736 	 54.063564 
 3737 	 53.722393 
 3738 	 53.671217 
 3739 	 53.995330 
 3740 	 54.097681 
 3741 	 53.688276 
 3742 	 53.688276 
 3743 	 53.654159 
 3744 	 53.978271 
 3745 	 53.654159 
 3746 	 54.012388 
 3747 	 54.131798 
 3748 	 53.620042 
 3749 	 53.602983 
 3750 	 53.944154 
 3751 	 53.995330 
 3752 	 53.585924 
 3753 	 53.551807 
 3754 	 53.927096 
 3755 	 53.892978 
 3756 	 53.824744 
 3757 	 53.927096 
 3758 	 53.858861 
 3759 	 53.517690 
 3760 	 53.927096 
 3761 	 53.892978 
 3762 	 53.483573 
 3763 	 53.824744 
 3764 	 53.449456 
 3765 	 53.807686 
 3766 	 53.432397 
 3767 	 53.415339 
 3768 	 53.398280 
 3769 	 53.790627 
 3770 	 53.398280 
 3771 	 53.364163 
 3772 	 53.534749 
 3773 	 53.261812 
 3774 	 53.330046 
 3775 	 53.688276 
 3776 	 53.312988 
 3777 	 53.602983 
 3778 	 53.295929 
 3779 	 53.688276 
 3780 	 53.654159 
 3781 	 53.278870 
 3782 	 53.244753 
 3783 	 53.620042 
 3784 	 53.585924 
 3785 	 53.534749 
 3786 	 53.210636 
 3787 	 53.176519 
 3788 	 53.483573 
 3789 	 53.261812 
 3790 	 53.176519 
 3791 	 53.176519 
 3792 	 53.125343 
 3793 	 53.500632 
 3794 	 53.517690 
 3795 	 53.432397 
 3796 	 53.074168 
 3797 	 53.466515 
 3798 	 53.022992 
 3799 	 53.312988 
 3800 	 53.432397 
 3801 	 53.022992 
 3802 	 53.381222 
 3803 	 52.988875 
 3804 	 52.971816 
 3805 	 53.347105 
 3806 	 53.312988 
 3807 	 52.954758 
 3808 	 52.954758 
 3809 	 53.312988 
 3810 	 53.244753 
 3811 	 52.903582 
 3812 	 53.176519 
 3813 	 52.852407 
 3814 	 53.227695 
 3815 	 52.852407 
 3816 	 52.784172 
 3817 	 53.210636 
 3818 	 53.210636 
 3819 	 52.767114 
 3820 	 52.750055 
 3821 	 52.767114 
 3822 	 52.732997 
 3823 	 52.732997 
 3824 	 53.125343 
 3825 	 52.698880 
 3826 	 52.681821 
 3827 	 52.988875 
 3828 	 52.988875 
 3829 	 52.681821 
 3830 	 52.613587 
 3831 	 53.057109 
 3832 	 52.613587 
 3833 	 52.613587 
 3834 	 52.511235 
 3835 	 52.937699 
 3836 	 52.562411 
 3837 	 52.869465 
 3838 	 52.494177 
 3839 	 52.852407 
 3840 	 52.886524 
 3841 	 52.528294 
 3842 	 52.494177 
 3843 	 52.801231 
 3844 	 52.425943 
 3845 	 52.425943 
 3846 	 52.408884 
 3847 	 52.425943 
 3848 	 52.784172 
 3849 	 52.784172 
 3850 	 52.715938 
 3851 	 52.647704 
 3852 	 52.357708 
 3853 	 52.323591 
 3854 	 52.613587 
 3855 	 52.323591 
 3856 	 52.664762 
 3857 	 52.289474 
 3858 	 52.630645 
 3859 	 52.238299 
 3860 	 52.596528 
 3861 	 52.221240 
 3862 	 52.221240 
 3863 	 52.596528 
 3864 	 52.630645 
 3865 	 52.170064 
 3866 	 52.170064 
 3867 	 52.153006 
 3868 	 52.153006 
 3869 	 52.118889 
 3870 	 52.101830 
 3871 	 52.425943 
 3872 	 52.511235 
 3873 	 52.443001 
 3874 	 52.067713 
 3875 	 52.340650 
 3876 	 52.033596 
 3877 	 52.033596 
 3878 	 52.443001 
 3879 	 52.494177 
 3880 	 52.323591 
 3881 	 51.982420 
 3882 	 52.357708 
 3883 	 51.965362 
 3884 	 51.948303 
 3885 	 52.238299 
 3886 	 52.289474 
 3887 	 51.914186 
 3888 	 52.187123 
 3889 	 52.272416 
 3890 	 51.897127 
 3891 	 52.135947 
 3892 	 51.811835 
 3893 	 51.828893 
 3894 	 52.187123 
 3895 	 51.743600 
 3896 	 51.794776 
 3897 	 51.794776 
 3898 	 52.153006 
 3899 	 52.135947 
 3900 	 51.743600 
 3901 	 51.726542 
 3902 	 52.118889 
 3903 	 51.675366 
 3904 	 51.675366 
 3905 	 51.982420 
 3906 	 51.675366 
 3907 	 51.658308 
 3908 	 51.607132 
 3909 	 51.931245 
 3910 	 51.999479 
 3911 	 51.948303 
 3912 	 51.573015 
 3913 	 51.555956 
 3914 	 51.965362 
 3915 	 51.538898 
 3916 	 51.845952 
 3917 	 51.863010 
 3918 	 51.470664 
 3919 	 51.521839 
 3920 	 51.863010 
 3921 	 51.743600 
 3922 	 51.828893 
 3923 	 51.436547 
 3924 	 51.419488 
 3925 	 51.402429 
 3926 	 51.760659 
 3927 	 51.368312 
 3928 	 51.743600 
 3929 	 51.658308 
 3930 	 51.334195 
 3931 	 51.317137 
 3932 	 51.300078 
 3933 	 51.658308 
 3934 	 51.283020 
 3935 	 51.283020 
 3936 	 51.641249 
 3937 	 51.641249 
 3938 	 51.658308 
 3939 	 51.231844 
 3940 	 51.709483 
 3941 	 51.521839 
 3942 	 51.197727 
 3943 	 51.163610 
 3944 	 51.555956 
 3945 	 51.521839 
 3946 	 51.487722 
 3947 	 51.470664 
 3948 	 51.129493 
 3949 	 51.129493 
 3950 	 51.112434 
 3951 	 51.061258 
 3952 	 51.044200 
 3953 	 51.044200 
 3954 	 51.436547 
 3955 	 51.044200 
 3956 	 50.975966 
 3957 	 51.402429 
 3958 	 51.010083 
 3959 	 50.993024 
 3960 	 50.975966 
 3961 	 50.975966 
 3962 	 51.317137 
 3963 	 50.958907 
 3964 	 50.924790 
 3965 	 50.890673 
 3966 	 51.283020 
 3967 	 51.180668 
 3968 	 51.470664 
 3969 	 51.214785 
 3970 	 50.856556 
 3971 	 50.856556 
 3972 	 51.197727 
 3973 	 50.822439 
 3974 	 50.805380 
 3975 	 50.788322 
 3976 	 51.231844 
 3977 	 50.805380 
 3978 	 50.771263 
 3979 	 51.146551 
 3980 	 50.737146 
 3981 	 51.265961 
 3982 	 51.061258 
 3983 	 50.737146 
 3984 	 50.720087 
 3985 	 51.146551 
 3986 	 51.078317 
 3987 	 50.720087 
 3988 	 51.010083 
 3989 	 51.027141 
 3990 	 50.634795 
 3991 	 50.634795 
 3992 	 51.180668 
 3993 	 50.600677 
 3994 	 50.600677 
 3995 	 50.583619 
 3996 	 50.583619 
 3997 	 50.566560 
 3998 	 50.566560 
 3999 	 50.907731 
 4000 	 50.941849 
 4001 	 50.924790 
 4002 	 50.839497 
 4003 	 50.515385 
 4004 	 50.532443 
 4005 	 50.856556 
 4006 	 50.464209 
 4007 	 50.464209 
 4008 	 50.890673 
 4009 	 50.464209 
 4010 	 50.805380 
 4011 	 50.464209 
 4012 	 50.805380 
 4013 	 50.754204 
 4014 	 50.703029 
 4015 	 50.788322 
 4016 	 50.413033 
 4017 	 50.754204 
 4018 	 50.788322 
 4019 	 50.720087 
 4020 	 50.395975 
 4021 	 50.361858 
 4022 	 50.685970 
 4023 	 50.327741 
 4024 	 50.668912 
 4025 	 50.344799 
 4026 	 50.310682 
 4027 	 50.566560 
 4028 	 50.310682 
 4029 	 50.566560 
 4030 	 50.242448 
 4031 	 50.242448 
 4032 	 50.259506 
 4033 	 50.225389 
 4034 	 50.583619 
 4035 	 50.583619 
 4036 	 50.549502 
 4037 	 50.208331 
 4038 	 50.208331 
 4039 	 50.566560 
 4040 	 50.566560 
 4041 	 50.498326 
 4042 	 50.481268 
 4043 	 50.481268 
 4044 	 50.532443 
 4045 	 50.464209 
 4046 	 50.464209 
 4047 	 50.105980 
 4048 	 50.123038 
 4049 	 50.515385 
 4050 	 50.088921 
 4051 	 50.105980 
 4052 	 50.105980 
 4053 	 50.498326 
 4054 	 50.088921 
 4055 	 50.054804 
 4056 	 50.054804 
 4057 	 50.378916 
 4058 	 50.054804 
 4059 	 50.361858 
 4060 	 50.430092 
 4061 	 50.020687 
 4062 	 50.020687 
 4063 	 50.310682 
 4064 	 50.003628 
 4065 	 50.003628 
 4066 	 50.327741 
 4067 	 49.986570 
 4068 	 50.361858 
 4069 	 49.986570 
 4070 	 50.310682 
 4071 	 50.361858 
 4072 	 50.361858 
 4073 	 49.952453 
 4074 	 49.952453 
 4075 	 49.918335 
 4076 	 50.344799 
 4077 	 50.276565 
 4078 	 49.918335 
 4079 	 50.327741 
 4080 	 49.901277 
 4081 	 49.918335 
 4082 	 49.918335 
 4083 	 50.430092 
 4084 	 50.310682 
 4085 	 49.884218 
 4086 	 49.884218 
 4087 	 50.259506 
 4088 	 49.867160 
 4089 	 49.867160 
 4090 	 50.225389 
 4091 	 49.850101 
 4092 	 50.242448 
 4093 	 50.276565 
 4094 	 50.225389 
 4095 	 50.225389 
 4096 	 50.140097 
 4097 	 50.123038 
 4098 	 49.850101 
 4099 	 49.815984 
 4100 	 50.174214 
 4101 	 50.174214 
 4102 	 50.208331 
 4103 	 49.815984 
 4104 	 49.781867 
 4105 	 49.798926 
 4106 	 49.781867 
 4107 	 49.781867 
 4108 	 50.123038 
 4109 	 49.764809 
 4110 	 49.781867 
 4111 	 49.764809 
 4112 	 50.174214 
 4113 	 49.747750 
 4114 	 49.764809 
 4115 	 49.764809 
 4116 	 49.901277 
 4117 	 50.174214 
 4118 	 49.833043 
 4119 	 49.730691 
 4120 	 50.105980 
 4121 	 50.123038 
 4122 	 49.747750 
 4123 	 49.696574 
 4124 	 49.713633 
 4125 	 49.730691 
 4126 	 49.730691 
 4127 	 50.088921 
 4128 	 49.730691 
 4129 	 50.123038 
 4130 	 50.054804 
 4131 	 49.713633 
 4132 	 49.679516 
 4133 	 49.679516 
 4134 	 50.071862 
 4135 	 49.645399 
 4136 	 49.713633 
 4137 	 49.679516 
 4138 	 49.679516 
 4139 	 50.088921 
 4140 	 50.020687 
 4141 	 49.696574 
 4142 	 49.679516 
 4143 	 49.662457 
 4144 	 49.679516 
 4145 	 50.071862 
 4146 	 49.662457 
 4147 	 49.679516 
 4148 	 49.645399 
 4149 	 49.696574 
 4150 	 49.986570 
 4151 	 49.986570 
 4152 	 49.662457 
 4153 	 50.003628 
 4154 	 50.037745 
 4155 	 49.628340 
 4156 	 49.662457 
 4157 	 50.020687 
 4158 	 50.037745 
 4159 	 50.003628 
 4160 	 49.662457 
 4161 	 49.986570 
 4162 	 49.645399 
 4163 	 49.986570 
 4164 	 49.628340 
 4165 	 49.645399 
 4166 	 49.986570 
 4167 	 49.679516 
 4168 	 49.986570 
 4169 	 49.986570 
 4170 	 50.054804 
 4171 	 50.071862 
 4172 	 49.628340 
 4173 	 50.037745 
 4174 	 49.969511 
 4175 	 49.662457 
 4176 	 49.645399 
 4177 	 49.628340 
 4178 	 49.696574 
 4179 	 50.037745 
 4180 	 49.645399 
 4181 	 50.105980 
 4182 	 49.662457 
 4183 	 49.645399 
 4184 	 49.986570 
 4185 	 50.054804 
 4186 	 49.918335 
 4187 	 49.662457 
 4188 	 49.662457 
 4189 	 49.645399 
 4190 	 49.679516 
 4191 	 50.003628 
 4192 	 49.645399 
 4193 	 49.969511 
 4194 	 50.054804 
 4195 	 49.679516 
 4196 	 49.969511 
 4197 	 50.020687 
 4198 	 49.679516 
 4199 	 49.679516 
 4200 	 49.713633 
 4201 	 49.679516 
 4202 	 50.088921 
 4203 	 49.696574 
 4204 	 50.037745 
 4205 	 49.696574 
 4206 	 49.696574 
 4207 	 50.105980 
 4208 	 49.696574 
 4209 	 49.679516 
 4210 	 50.020687 
 4211 	 50.037745 
 4212 	 50.037745 
 4213 	 50.105980 
 4214 	 49.696574 
 4215 	 50.088921 
 4216 	 49.713633 
 4217 	 49.730691 
 4218 	 49.713633 
 4219 	 49.713633 
 4220 	 49.730691 
 4221 	 49.747750 
 4222 	 49.730691 
 4223 	 49.747750 
 4224 	 49.747750 
 4225 	 49.730691 
 4226 	 50.071862 
 4227 	 49.764809 
 4228 	 49.747750 
 4229 	 50.105980 
 4230 	 49.747750 
 4231 	 50.105980 
 4232 	 49.730691 
 4233 	 49.764809 
 4234 	 49.764809 
 4235 	 49.747750 
 4236 	 49.764809 
 4237 	 49.747750 
 4238 	 50.088921 
 4239 	 49.764809 
 4240 	 50.208331 
 4241 	 50.123038 
 4242 	 49.798926 
 4243 	 50.157155 
 4244 	 49.798926 
 4245 	 49.798926 
 4246 	 50.191272 
 4247 	 49.798926 
 4248 	 49.850101 
 4249 	 49.815984 
 4250 	 49.867160 
 4251 	 50.259506 
 4252 	 49.867160 
 4253 	 49.867160 
 4254 	 49.867160 
 4255 	 50.123038 
 4256 	 49.935394 
 4257 	 49.884218 
 4258 	 49.935394 
 4259 	 49.901277 
 4260 	 49.901277 
 4261 	 50.259506 
 4262 	 50.259506 
 4263 	 50.293624 
 4264 	 50.242448 
 4265 	 49.952453 
 4266 	 50.395975 
 4267 	 49.969511 
 4268 	 50.361858 
 4269 	 50.276565 
 4270 	 49.952453 
 4271 	 50.361858 
 4272 	 49.969511 
 4273 	 50.003628 
 4274 	 50.037745 
 4275 	 49.986570 
 4276 	 50.037745 
 4277 	 50.037745 
 4278 	 50.003628 
 4279 	 50.037745 
 4280 	 50.037745 
 4281 	 50.413033 
 4282 	 50.447151 
 4283 	 50.088921 
 4284 	 50.020687 
 4285 	 50.088921 
 4286 	 50.123038 
 4287 	 50.395975 
 4288 	 50.123038 
 4289 	 50.020687 
 4290 	 50.105980 
 4291 	 50.140097 
 4292 	 50.532443 
 4293 	 50.430092 
 4294 	 50.140097 
 4295 	 50.174214 
 4296 	 50.157155 
 4297 	 50.157155 
 4298 	 50.191272 
 4299 	 50.174214 
 4300 	 50.157155 
 4301 	 50.191272 
 4302 	 50.242448 
 4303 	 50.225389 
 4304 	 50.225389 
 4305 	 50.600677 
 4306 	 50.566560 
 4307 	 50.617736 
 4308 	 50.259506 
 4309 	 50.549502 
 4310 	 50.600677 
 4311 	 50.583619 
 4312 	 50.208331 
 4313 	 50.566560 
 4314 	 50.344799 
 4315 	 50.293624 
 4316 	 50.720087 
 4317 	 50.668912 
 4318 	 50.327741 
 4319 	 50.310682 
 4320 	 50.737146 
 4321 	 50.720087 
 4322 	 50.344799 
 4323 	 50.395975 
 4324 	 50.413033 
 4325 	 50.395975 
 4326 	 50.413033 
 4327 	 50.378916 
 4328 	 50.447151 
 4329 	 50.447151 
 4330 	 50.430092 
 4331 	 50.447151 
 4332 	 50.464209 
 4333 	 50.464209 
 4334 	 50.498326 
 4335 	 50.498326 
 4336 	 50.805380 
 4337 	 50.498326 
 4338 	 50.498326 
 4339 	 50.890673 
 4340 	 50.975966 
 4341 	 50.515385 
 4342 	 50.566560 
 4343 	 50.532443 
 4344 	 50.600677 
 4345 	 50.566560 
 4346 	 50.617736 
 4347 	 50.600677 
 4348 	 50.617736 
 4349 	 50.958907 
 4350 	 50.668912 
 4351 	 50.685970 
 4352 	 50.685970 
 4353 	 50.685970 
 4354 	 50.685970 
 4355 	 50.668912 
 4356 	 50.720087 
 4357 	 51.129493 
 4358 	 50.754204 
 4359 	 50.737146 
 4360 	 51.129493 
 4361 	 51.112434 
 4362 	 51.146551 
 4363 	 50.754204 
 4364 	 50.788322 
 4365 	 51.214785 
 4366 	 50.873614 
 4367 	 51.334195 
 4368 	 51.231844 
 4369 	 51.197727 
 4370 	 51.197727 
 4371 	 50.890673 
 4372 	 50.907731 
 4373 	 51.061258 
 4374 	 50.924790 
 4375 	 51.283020 
 4376 	 51.300078 
 4377 	 50.958907 
 4378 	 51.368312 
 4379 	 51.368312 
 4380 	 51.317137 
 4381 	 51.300078 
 4382 	 50.958907 
 4383 	 51.351254 
 4384 	 51.334195 
 4385 	 50.907731 
 4386 	 51.078317 
 4387 	 51.402429 
 4388 	 51.419488 
 4389 	 51.112434 
 4390 	 51.078317 
 4391 	 51.095375 
 4392 	 51.044200 
 4393 	 51.112434 
 4394 	 51.163610 
 4395 	 51.163610 
 4396 	 51.419488 
 4397 	 51.197727 
 4398 	 51.163610 
 4399 	 51.590073 
 4400 	 51.197727 
 4401 	 51.163610 
 4402 	 51.231844 
 4403 	 51.248902 
 4404 	 51.283020 
 4405 	 51.607132 
 4406 	 51.624191 
 4407 	 51.675366 
 4408 	 51.607132 
 4409 	 51.641249 
 4410 	 51.317137 
 4411 	 51.726542 
 4412 	 51.675366 
 4413 	 51.334195 
 4414 	 51.692425 
 4415 	 51.385371 
 4416 	 51.709483 
 4417 	 51.743600 
 4418 	 51.811835 
 4419 	 51.470664 
 4420 	 51.436547 
 4421 	 51.743600 
 4422 	 51.948303 
 4423 	 51.470664 
 4424 	 51.948303 
 4425 	 51.487722 
 4426 	 51.504781 
 4427 	 52.033596 
 4428 	 51.931245 
 4429 	 51.590073 
 4430 	 51.590073 
 4431 	 51.590073 
 4432 	 51.641249 
 4433 	 51.931245 
 4434 	 51.607132 
 4435 	 52.067713 
 4436 	 51.999479 
 4437 	 51.999479 
 4438 	 51.692425 
 4439 	 52.067713 
 4440 	 51.726542 
 4441 	 51.692425 
 4442 	 51.675366 
 4443 	 51.760659 
 4444 	 51.760659 
 4445 	 51.777718 
 4446 	 51.777718 
 4447 	 52.221240 
 4448 	 51.828893 
 4449 	 52.221240 
 4450 	 51.845952 
 4451 	 51.828893 
 4452 	 52.238299 
 4453 	 51.863010 
 4454 	 51.880069 
 4455 	 51.914186 
 4456 	 52.323591 
 4457 	 52.289474 
 4458 	 52.272416 
 4459 	 51.982420 
 4460 	 52.306533 
 4461 	 52.357708 
 4462 	 52.408884 
 4463 	 52.033596 
 4464 	 52.425943 
 4465 	 52.425943 
 4466 	 52.460060 
 4467 	 52.050654 
 4468 	 52.477118 
 4469 	 52.494177 
 4470 	 52.477118 
 4471 	 52.494177 
 4472 	 52.135947 
 4473 	 52.443001 
 4474 	 52.528294 
 4475 	 52.153006 
 4476 	 52.170064 
 4477 	 52.170064 
 4478 	 52.391826 
 4479 	 52.204181 
 4480 	 52.221240 
 4481 	 52.511235 
 4482 	 52.630645 
 4483 	 52.255357 
 4484 	 52.647704 
 4485 	 52.272416 
 4486 	 52.289474 
 4487 	 52.630645 
 4488 	 52.698880 
 4489 	 52.357708 
 4490 	 52.715938 
 4491 	 52.903582 
 4492 	 52.750055 
 4493 	 52.408884 
 4494 	 52.767114 
 4495 	 52.818289 
 4496 	 52.425943 
 4497 	 52.767114 
 4498 	 52.443001 
 4499 	 52.477118 
 4500 	 52.460060 
 4501 	 52.460060 
 4502 	 52.477118 
 4503 	 52.767114 
 4504 	 53.022992 
 4505 	 52.545353 
 4506 	 52.869465 
 4507 	 52.937699 
 4508 	 52.954758 
 4509 	 53.022992 
 4510 	 53.091226 
 4511 	 52.971816 
 4512 	 52.613587 
 4513 	 52.988875 
 4514 	 52.971816 
 4515 	 52.681821 
 4516 	 52.681821 
 4517 	 53.022992 
 4518 	 52.681821 
 4519 	 52.715938 
 4520 	 53.091226 
 4521 	 52.715938 
 4522 	 53.074168 
 4523 	 52.988875 
 4524 	 52.767114 
 4525 	 52.801231 
 4526 	 52.801231 
 4527 	 52.835348 
 4528 	 52.818289 
 4529 	 52.835348 
 4530 	 52.852407 
 4531 	 52.869465 
 4532 	 53.227695 
 4533 	 52.886524 
 4534 	 52.886524 
 4535 	 52.903582 
 4536 	 53.227695 
 4537 	 53.312988 
 4538 	 53.295929 
 4539 	 52.920641 
 4540 	 52.920641 
 4541 	 53.312988 
 4542 	 53.364163 
 4543 	 53.312988 
 4544 	 53.005934 
 4545 	 53.364163 
 4546 	 53.449456 
 4547 	 53.381222 
 4548 	 53.074168 
 4549 	 53.022992 
 4550 	 53.312988 
 4551 	 53.057109 
 4552 	 53.449456 
 4553 	 53.108285 
 4554 	 53.125343 
 4555 	 53.142402 
 4556 	 53.500632 
 4557 	 53.159461 
 4558 	 53.176519 
 4559 	 53.585924 
 4560 	 53.176519 
 4561 	 53.534749 
 4562 	 53.227695 
 4563 	 53.415339 
 4564 	 53.244753 
 4565 	 53.210636 
 4566 	 53.227695 
 4567 	 53.568866 
 4568 	 53.654159 
 4569 	 53.295929 
 4570 	 53.278870 
 4571 	 53.261812 
 4572 	 53.688276 
 4573 	 53.312988 
 4574 	 53.637100 
 4575 	 53.330046 
 4576 	 53.347105 
 4577 	 53.858861 
 4578 	 53.381222 
 4579 	 53.415339 
 4580 	 53.688276 
 4581 	 53.381222 
 4582 	 53.415339 
 4583 	 53.415339 
 4584 	 53.807686 
 4585 	 53.415339 
 4586 	 53.466515 
 4587 	 53.432397 
 4588 	 53.466515 
 4589 	 53.449456 
 4590 	 53.517690 
 4591 	 53.807686 
 4592 	 53.910037 
 4593 	 53.500632 
 4594 	 53.910037 
 4595 	 53.910037 
 4596 	 53.534749 
 4597 	 53.534749 
 4598 	 53.534749 
 4599 	 53.927096 
 4600 	 53.534749 
 4601 	 53.551807 
 4602 	 53.585924 
 4603 	 53.978271 
 4604 	 53.927096 
 4605 	 53.602983 
 4606 	 53.961213 
 4607 	 53.961213 
 4608 	 53.654159 
 4609 	 54.012388 
 4610 	 53.671217 
 4611 	 53.671217 
 4612 	 53.637100 
 4613 	 54.012388 
 4614 	 54.097681 
 4615 	 53.705334 
 4616 	 54.063564 
 4617 	 54.080623 
 4618 	 53.722393 
 4619 	 54.029447 
 4620 	 54.097681 
 4621 	 53.756510 
 4622 	 53.756510 
 4623 	 54.097681 
 4624 	 54.046506 
 4625 	 53.773569 
 4626 	 53.756510 
 4627 	 53.790627 
 4628 	 54.131798 
 4629 	 54.200033 
 4630 	 53.875920 
 4631 	 54.217091 
 4632 	 53.858861 
 4633 	 53.841803 
 4634 	 53.858861 
 4635 	 53.858861 
 4636 	 54.404735 
 4637 	 53.841803 
 4638 	 53.875920 
 4639 	 53.892978 
 4640 	 53.910037 
 4641 	 53.875920 
 4642 	 54.285325 
 4643 	 53.892978 
 4644 	 53.927096 
 4645 	 53.978271 
 4646 	 54.251208 
 4647 	 54.268267 
 4648 	 54.251208 
 4649 	 53.961213 
 4650 	 54.285325 
 4651 	 54.336501 
 4652 	 53.961213 
 4653 	 54.353560 
 4654 	 54.336501 
 4655 	 54.336501 
 4656 	 54.319442 
 4657 	 54.319442 
 4658 	 54.353560 
 4659 	 54.404735 
 4660 	 54.387677 
 4661 	 54.353560 
 4662 	 54.012388 
 4663 	 54.353560 
 4664 	 54.336501 
 4665 	 54.404735 
 4666 	 54.387677 
 4667 	 54.421794 
 4668 	 54.455911 
 4669 	 54.029447 
 4670 	 54.046506 
 4671 	 54.029447 
 4672 	 54.063564 
 4673 	 54.063564 
 4674 	 54.421794 
 4675 	 54.080623 
 4676 	 54.097681 
 4677 	 54.404735 
 4678 	 54.438852 
 4679 	 54.507087 
 4680 	 54.472969 
 4681 	 54.097681 
 4682 	 54.080623 
 4683 	 54.097681 
 4684 	 54.507087 
 4685 	 54.472969 
 4686 	 54.541204 
 4687 	 54.507087 
 4688 	 54.558262 
 4689 	 54.131798 
 4690 	 54.507087 
 4691 	 54.455911 
 4692 	 54.148857 
 4693 	 54.165915 
 4694 	 54.148857 
 4695 	 54.148857 
 4696 	 54.165915 
 4697 	 54.148857 
 4698 	 54.165915 
 4699 	 54.455911 
 4700 	 54.200033 
 4701 	 54.165915 
 4702 	 54.558262 
 4703 	 54.165915 
 4704 	 54.200033 
 4705 	 54.165915 
 4706 	 54.541204 
 4707 	 54.626496 
 4708 	 54.609438 
 4709 	 54.217091 
 4710 	 54.575321 
 4711 	 54.592379 
 4712 	 54.575321 
 4713 	 54.251208 
 4714 	 54.217091 
 4715 	 54.643555 
 4716 	 54.677672 
 4717 	 54.268267 
 4718 	 54.609438 
 4719 	 54.660614 
 4720 	 54.234150 
 4721 	 54.251208 
 4722 	 54.234150 
 4723 	 54.217091 
 4724 	 54.234150 
 4725 	 54.251208 
 4726 	 54.234150 
 4727 	 54.234150 
 4728 	 54.234150 
 4729 	 54.251208 
 4730 	 54.643555 
 4731 	 54.251208 
 4732 	 54.626496 
 4733 	 54.251208 
 4734 	 54.251208 
 4735 	 54.251208 
 4736 	 54.234150 
 4737 	 54.234150 
 4738 	 54.251208 
 4739 	 54.558262 
 4740 	 54.592379 
 4741 	 54.285325 
 4742 	 54.694731 
 4743 	 54.268267 
 4744 	 54.251208 
 4745 	 54.490028 
 4746 	 54.660614 
 4747 	 54.677672 
 4748 	 54.643555 
 4749 	 54.251208 
 4750 	 54.660614 
 4751 	 54.251208 
 4752 	 54.592379 
 4753 	 54.524145 
 4754 	 54.268267 
 4755 	 54.575321 
 4756 	 54.592379 
 4757 	 54.234150 
 4758 	 54.234150 
 4759 	 54.558262 
 4760 	 54.660614 
 4761 	 54.217091 
 4762 	 54.626496 
 4763 	 54.234150 
 4764 	 54.251208 
 4765 	 54.217091 
 4766 	 54.200033 
 4767 	 54.626496 
 4768 	 54.251208 
 4769 	 54.660614 
 4770 	 54.541204 
 4771 	 54.234150 
 4772 	 54.558262 
 4773 	 54.285325 
 4774 	 54.234150 
 4775 	 54.609438 
 4776 	 54.541204 
 4777 	 54.626496 
 4778 	 54.592379 
 4779 	 54.234150 
 4780 	 54.234150 
 4781 	 54.251208 
 4782 	 54.575321 
 4783 	 54.762965 
 4784 	 54.234150 
 4785 	 54.200033 
 4786 	 54.592379 
 4787 	 54.217091 
 4788 	 54.251208 
 4789 	 54.182974 
 4790 	 54.558262 
 4791 	 54.575321 
 4792 	 54.182974 
 4793 	 54.524145 
 4794 	 54.524145 
 4795 	 54.558262 
 4796 	 54.217091 
 4797 	 54.507087 
 4798 	 54.182974 
 4799 	 54.182974