tau = 1min

t(10^-1 s) Temperature(˚C)
0 	 48.860705 
 1 	 48.485417 
 2 	 48.485417 
 3 	 48.894823 
 4 	 48.536593 
 5 	 48.553652 
 6 	 48.519534 
 7 	 48.536593 
 8 	 48.928940 
 9 	 48.860705 
 10 	 48.928940 
 11 	 48.843647 
 12 	 48.877764 
 13 	 48.570710 
 14 	 48.928940 
 15 	 48.519534 
 16 	 48.860705 
 17 	 48.570710 
 18 	 48.536593 
 19 	 48.570710 
 20 	 48.570710 
 21 	 48.911881 
 22 	 48.877764 
 23 	 48.980115 
 24 	 48.980115 
 25 	 48.553652 
 26 	 48.553652 
 27 	 48.553652 
 28 	 48.928940 
 29 	 48.570710 
 30 	 48.894823 
 31 	 48.604827 
 32 	 48.997174 
 33 	 48.604827 
 34 	 48.980115 
 35 	 48.621886 
 36 	 48.604827 
 37 	 48.997174 
 38 	 48.638944 
 39 	 48.638944 
 40 	 48.980115 
 41 	 48.638944 
 42 	 48.980115 
 43 	 48.673061 
 44 	 49.014232 
 45 	 49.031291 
 46 	 48.997174 
 47 	 48.656003 
 48 	 48.945998 
 49 	 48.621886 
 50 	 48.656003 
 51 	 48.656003 
 52 	 48.673061 
 53 	 48.656003 
 54 	 49.099525 
 55 	 48.707179 
 56 	 49.031291 
 57 	 48.673061 
 58 	 48.997174 
 59 	 48.707179 
 60 	 48.690120 
 61 	 49.133642 
 62 	 49.065408 
 63 	 49.014232 
 64 	 49.031291 
 65 	 49.014232 
 66 	 48.741296 
 67 	 49.133642 
 68 	 49.048349 
 69 	 48.690120 
 70 	 49.082467 
 71 	 48.724237 
 72 	 49.082467 
 73 	 48.724237 
 74 	 48.707179 
 75 	 48.741296 
 76 	 49.065408 
 77 	 49.065408 
 78 	 49.133642 
 79 	 49.082467 
 80 	 49.150701 
 81 	 49.014232 
 82 	 48.724237 
 83 	 49.167759 
 84 	 49.099525 
 85 	 48.758354 
 86 	 49.116584 
 87 	 49.184818 
 88 	 48.758354 
 89 	 49.150701 
 90 	 48.758354 
 91 	 48.758354 
 92 	 49.133642 
 93 	 49.082467 
 94 	 49.133642 
 95 	 48.809530 
 96 	 49.116584 
 97 	 49.150701 
 98 	 48.758354 
 99 	 48.775413 
 100 	 48.792471 
 101 	 49.116584 
 102 	 48.775413 
 103 	 49.150701 
 104 	 48.792471 
 105 	 49.133642 
 106 	 49.150701 
 107 	 49.116584 
 108 	 48.826588 
 109 	 48.792471 
 110 	 48.809530 
 111 	 49.235993 
 112 	 48.775413 
 113 	 48.809530 
 114 	 49.116584 
 115 	 48.809530 
 116 	 49.201876 
 117 	 49.150701 
 118 	 48.826588 
 119 	 48.809530 
 120 	 49.218935 
 121 	 49.116584 
 122 	 49.167759 
 123 	 49.270111 
 124 	 48.826588 
 125 	 48.860705 
 126 	 49.150701 
 127 	 49.150701 
 128 	 48.843647 
 129 	 48.792471 
 130 	 48.843647 
 131 	 48.809530 
 132 	 49.235993 
 133 	 48.843647 
 134 	 48.826588 
 135 	 49.133642 
 136 	 49.218935 
 137 	 48.843647 
 138 	 49.167759 
 139 	 48.826588 
 140 	 49.201876 
 141 	 48.877764 
 142 	 48.826588 
 143 	 49.218935 
 144 	 48.860705 
 145 	 49.167759 
 146 	 48.843647 
 147 	 48.826588 
 148 	 49.150701 
 149 	 48.809530 
 150 	 48.826588 
 151 	 48.809530 
 152 	 48.843647 
 153 	 49.270111 
 154 	 48.843647 
 155 	 49.218935 
 156 	 48.860705 
 157 	 49.235993 
 158 	 48.843647 
 159 	 48.809530 
 160 	 49.065408 
 161 	 48.843647 
 162 	 48.843647 
 163 	 49.167759 
 164 	 48.826588 
 165 	 49.201876 
 166 	 49.235993 
 167 	 48.843647 
 168 	 49.184818 
 169 	 48.826588 
 170 	 48.843647 
 171 	 48.826588 
 172 	 48.843647 
 173 	 48.860705 
 174 	 48.809530 
 175 	 48.877764 
 176 	 49.167759 
 177 	 49.235993 
 178 	 49.150701 
 179 	 49.201876 
 180 	 49.201876 
 181 	 48.860705 
 182 	 49.218935 
 183 	 48.894823 
 184 	 49.218935 
 185 	 48.826588 
 186 	 48.792471 
 187 	 48.843647 
 188 	 49.133642 
 189 	 48.826588 
 190 	 49.133642 
 191 	 48.809530 
 192 	 49.235993 
 193 	 48.860705 
 194 	 48.809530 
 195 	 48.826588 
 196 	 48.860705 
 197 	 48.843647 
 198 	 48.877764 
 199 	 48.826588 
 200 	 48.826588 
 201 	 48.809530 
 202 	 48.809530 
 203 	 49.270111 
 204 	 49.133642 
 205 	 48.843647 
 206 	 49.184818 
 207 	 48.792471 
 208 	 49.218935 
 209 	 49.133642 
 210 	 49.116584 
 211 	 48.843647 
 212 	 48.758354 
 213 	 49.201876 
 214 	 48.809530 
 215 	 48.809530 
 216 	 48.826588 
 217 	 49.304228 
 218 	 49.184818 
 219 	 49.201876 
 220 	 49.167759 
 221 	 48.775413 
 222 	 49.082467 
 223 	 48.775413 
 224 	 48.758354 
 225 	 49.099525 
 226 	 49.099525 
 227 	 49.099525 
 228 	 48.758354 
 229 	 48.758354 
 230 	 48.758354 
 231 	 48.758354 
 232 	 48.758354 
 233 	 48.741296 
 234 	 48.775413 
 235 	 49.082467 
 236 	 48.724237 
 237 	 49.133642 
 238 	 48.724237 
 239 	 49.133642 
 240 	 48.758354 
 241 	 48.741296 
 242 	 48.758354 
 243 	 48.724237 
 244 	 49.133642 
 245 	 49.150701 
 246 	 49.167759 
 247 	 49.048349 
 248 	 48.741296 
 249 	 48.690120 
 250 	 49.048349 
 251 	 49.048349 
 252 	 48.673061 
 253 	 49.116584 
 254 	 48.707179 
 255 	 49.031291 
 256 	 48.707179 
 257 	 49.099525 
 258 	 48.980115 
 259 	 48.673061 
 260 	 49.014232 
 261 	 48.673061 
 262 	 48.673061 
 263 	 48.673061 
 264 	 49.014232 
 265 	 49.048349 
 266 	 48.997174 
 267 	 48.980115 
 268 	 48.621886 
 269 	 48.673061 
 270 	 48.997174 
 271 	 49.031291 
 272 	 49.031291 
 273 	 49.048349 
 274 	 48.656003 
 275 	 48.604827 
 276 	 48.656003 
 277 	 48.656003 
 278 	 48.980115 
 279 	 48.604827 
 280 	 48.945998 
 281 	 48.621886 
 282 	 48.911881 
 283 	 48.621886 
 284 	 48.724237 
 285 	 48.621886 
 286 	 48.945998 
 287 	 48.621886 
 288 	 48.604827 
 289 	 48.587769 
 290 	 48.997174 
 291 	 48.587769 
 292 	 48.963057 
 293 	 48.980115 
 294 	 48.604827 
 295 	 48.570710 
 296 	 48.604827 
 297 	 49.133642 
 298 	 48.945998 
 299 	 48.980115 
 300 	 48.587769 
 301 	 48.928940 
 302 	 48.911881 
 303 	 48.911881 
 304 	 49.099525 
 305 	 48.877764 
 306 	 48.997174 
 307 	 48.536593 
 308 	 48.502476 
 309 	 48.570710 
 310 	 49.133642 
 311 	 48.536593 
 312 	 48.519534 
 313 	 48.911881 
 314 	 48.894823 
 315 	 48.843647 
 316 	 48.877764 
 317 	 48.877764 
 318 	 48.826588 
 319 	 48.877764 
 320 	 48.502476 
 321 	 48.502476 
 322 	 48.519534 
 323 	 48.519534 
 324 	 48.485417 
 325 	 48.536593 
 326 	 48.911881 
 327 	 48.792471 
 328 	 48.911881 
 329 	 48.502476 
 330 	 48.485417 
 331 	 48.485417 
 332 	 48.877764 
 333 	 48.468359 
 334 	 48.877764 
 335 	 48.502476 
 336 	 48.928940 
 337 	 48.451300 
 338 	 48.451300 
 339 	 48.502476 
 340 	 48.980115 
 341 	 48.775413 
 342 	 48.451300 
 343 	 48.451300 
 344 	 48.434242 
 345 	 48.826588 
 346 	 48.775413 
 347 	 48.417183 
 348 	 48.656003 
 349 	 48.451300 
 350 	 48.451300 
 351 	 48.826588 
 352 	 48.434242 
 353 	 48.826588 
 354 	 48.775413 
 355 	 48.417183 
 356 	 48.758354 
 357 	 48.400125 
 358 	 48.843647 
 359 	 48.400125 
 360 	 48.741296 
 361 	 48.400125 
 362 	 48.809530 
 363 	 48.741296 
 364 	 48.724237 
 365 	 48.366008 
 366 	 48.792471 
 367 	 48.775413 
 368 	 48.383066 
 369 	 48.366008 
 370 	 48.400125 
 371 	 48.707179 
 372 	 48.383066 
 373 	 48.366008 
 374 	 48.707179 
 375 	 48.724237 
 376 	 48.366008 
 377 	 48.366008 
 378 	 48.724237 
 379 	 48.758354 
 380 	 48.673061 
 381 	 48.366008 
 382 	 48.366008 
 383 	 48.348949 
 384 	 48.366008 
 385 	 48.758354 
 386 	 48.775413 
 387 	 48.724237 
 388 	 48.348949 
 389 	 48.758354 
 390 	 48.656003 
 391 	 48.314832 
 392 	 48.331890 
 393 	 48.348949 
 394 	 48.331890 
 395 	 48.348949 
 396 	 48.348949 
 397 	 48.331890 
 398 	 48.758354 
 399 	 48.297773 
 400 	 48.741296 
 401 	 48.348949 
 402 	 48.331890 
 403 	 48.690120 
 404 	 48.331890 
 405 	 48.621886 
 406 	 48.741296 
 407 	 48.331890 
 408 	 48.314832 
 409 	 48.314832 
 410 	 48.348949 
 411 	 48.656003 
 412 	 48.707179 
 413 	 48.724237 
 414 	 48.707179 
 415 	 48.724237 
 416 	 48.707179 
 417 	 48.331890 
 418 	 48.724237 
 419 	 48.297773 
 420 	 48.587769 
 421 	 48.690120 
 422 	 48.690120 
 423 	 48.314832 
 424 	 48.656003 
 425 	 48.331890 
 426 	 48.297773 
 427 	 48.314832 
 428 	 48.297773 
 429 	 48.638944 
 430 	 48.673061 
 431 	 48.280715 
 432 	 48.707179 
 433 	 48.280715 
 434 	 48.297773 
 435 	 48.314832 
 436 	 48.707179 
 437 	 48.673061 
 438 	 48.297773 
 439 	 48.741296 
 440 	 48.604827 
 441 	 48.348949 
 442 	 48.331890 
 443 	 48.314832 
 444 	 48.314832 
 445 	 48.314832 
 446 	 48.297773 
 447 	 48.741296 
 448 	 48.656003 
 449 	 48.331890 
 450 	 48.314832 
 451 	 48.331890 
 452 	 48.314832 
 453 	 48.314832 
 454 	 48.673061 
 455 	 48.314832 
 456 	 48.621886 
 457 	 48.621886 
 458 	 48.348949 
 459 	 48.314832 
 460 	 48.314832 
 461 	 48.331890 
 462 	 48.331890 
 463 	 48.758354 
 464 	 48.331890 
 465 	 48.331890 
 466 	 48.366008 
 467 	 48.331890 
 468 	 48.314832 
 469 	 48.638944 
 470 	 48.331890 
 471 	 48.690120 
 472 	 48.331890 
 473 	 48.314832 
 474 	 48.331890 
 475 	 48.758354 
 476 	 48.297773 
 477 	 48.348949 
 478 	 48.707179 
 479 	 48.656003 
 480 	 48.297773 
 481 	 48.331890 
 482 	 48.348949 
 483 	 48.690120 
 484 	 48.656003 
 485 	 48.348949 
 486 	 48.758354 
 487 	 48.366008 
 488 	 48.348949 
 489 	 48.348949 
 490 	 48.724237 
 491 	 48.383066 
 492 	 48.366008 
 493 	 48.348949 
 494 	 48.314832 
 495 	 48.792471 
 496 	 48.673061 
 497 	 48.366008 
 498 	 48.348949 
 499 	 48.383066 
 500 	 48.758354 
 501 	 48.366008 
 502 	 48.383066 
 503 	 48.792471 
 504 	 48.348949 
 505 	 48.707179 
 506 	 48.741296 
 507 	 48.400125 
 508 	 48.383066 
 509 	 48.826588 
 510 	 48.383066 
 511 	 48.383066 
 512 	 48.383066 
 513 	 48.400125 
 514 	 48.417183 
 515 	 48.792471 
 516 	 48.417183 
 517 	 48.826588 
 518 	 48.434242 
 519 	 48.400125 
 520 	 48.843647 
 521 	 48.707179 
 522 	 48.417183 
 523 	 48.417183 
 524 	 48.775413 
 525 	 48.451300 
 526 	 48.775413 
 527 	 48.758354 
 528 	 48.434242 
 529 	 48.417183 
 530 	 48.826588 
 531 	 48.775413 
 532 	 48.434242 
 533 	 48.877764 
 534 	 48.451300 
 535 	 48.792471 
 536 	 48.775413 
 537 	 48.843647 
 538 	 48.485417 
 539 	 48.485417 
 540 	 48.877764 
 541 	 48.502476 
 542 	 48.485417 
 543 	 48.502476 
 544 	 48.911881 
 545 	 48.826588 
 546 	 48.468359 
 547 	 48.894823 
 548 	 48.519534 
 549 	 48.536593 
 550 	 48.519534 
 551 	 48.502476 
 552 	 48.519534 
 553 	 48.553652 
 554 	 48.553652 
 555 	 48.536593 
 556 	 48.536593 
 557 	 48.843647 
 558 	 48.553652 
 559 	 48.570710 
 560 	 48.553652 
 561 	 48.911881 
 562 	 48.536593 
 563 	 48.945998 
 564 	 48.553652 
 565 	 48.860705 
 566 	 48.587769 
 567 	 49.014232 
 568 	 48.980115 
 569 	 48.928940 
 570 	 48.604827 
 571 	 48.587769 
 572 	 48.587769 
 573 	 48.928940 
 574 	 48.963057 
 575 	 48.621886 
 576 	 48.963057 
 577 	 48.963057 
 578 	 48.997174 
 579 	 48.945998 
 580 	 49.048349 
 581 	 48.997174 
 582 	 48.638944 
 583 	 48.656003 
 584 	 48.621886 
 585 	 48.656003 
 586 	 48.980115 
 587 	 48.570710 
 588 	 49.201876 
 589 	 48.928940 
 590 	 48.673061 
 591 	 49.082467 
 592 	 48.980115 
 593 	 48.656003 
 594 	 48.690120 
 595 	 48.690120 
 596 	 48.997174 
 597 	 49.082467 
 598 	 49.014232 
 599 	 48.724237 
 600 	 48.690120 
 601 	 48.741296 
 602 	 49.133642 
 603 	 49.150701 
 604 	 48.724237 
 605 	 48.724237 
 606 	 48.724237 
 607 	 48.724237 
 608 	 49.133642 
 609 	 48.724237 
 610 	 48.707179 
 611 	 48.741296 
 612 	 48.741296 
 613 	 49.116584 
 614 	 48.724237 
 615 	 49.184818 
 616 	 48.707179 
 617 	 48.758354 
 618 	 49.184818 
 619 	 48.809530 
 620 	 48.792471 
 621 	 48.792471 
 622 	 48.758354 
 623 	 48.809530 
 624 	 49.167759 
 625 	 49.116584 
 626 	 48.894823 
 627 	 48.792471 
 628 	 48.843647 
 629 	 49.150701 
 630 	 48.826588 
 631 	 48.809530 
 632 	 49.201876 
 633 	 49.167759 
 634 	 49.201876 
 635 	 49.201876 
 636 	 49.253052 
 637 	 48.843647 
 638 	 48.877764 
 639 	 48.860705 
 640 	 49.218935 
 641 	 48.843647 
 642 	 48.894823 
 643 	 48.877764 
 644 	 48.877764 
 645 	 48.860705 
 646 	 48.877764 
 647 	 48.894823 
 648 	 49.253052 
 649 	 48.877764 
 650 	 49.235993 
 651 	 48.911881 
 652 	 49.304228 
 653 	 49.270111 
 654 	 48.911881 
 655 	 49.270111 
 656 	 48.945998 
 657 	 48.911881 
 658 	 49.287169 
 659 	 48.928940 
 660 	 48.945998 
 661 	 48.928940 
 662 	 48.963057 
 663 	 48.945998 
 664 	 49.338345 
 665 	 49.321286 
 666 	 48.945998 
 667 	 48.963057 
 668 	 48.945998 
 669 	 48.945998 
 670 	 49.372462 
 671 	 49.287169 
 672 	 49.355403 
 673 	 49.287169 
 674 	 49.372462 
 675 	 49.372462 
 676 	 49.372462 
 677 	 49.372462 
 678 	 48.997174 
 679 	 48.980115 
 680 	 49.372462 
 681 	 49.014232 
 682 	 48.980115 
 683 	 49.014232 
 684 	 48.997174 
 685 	 49.338345 
 686 	 49.355403 
 687 	 49.133642 
 688 	 49.031291 
 689 	 49.457755 
 690 	 48.997174 
 691 	 49.321286 
 692 	 49.457755 
 693 	 49.457755 
 694 	 49.406579 
 695 	 49.048349 
 696 	 49.065408 
 697 	 49.014232 
 698 	 49.474813 
 699 	 49.048349 
 700 	 49.457755 
 701 	 49.048349 
 702 	 49.065408 
 703 	 49.491872 
 704 	 49.406579 
 705 	 49.082467 
 706 	 49.372462 
 707 	 49.065408 
 708 	 49.406579 
 709 	 49.423638 
 710 	 49.048349 
 711 	 49.099525 
 712 	 49.457755 
 713 	 49.406579 
 714 	 49.116584 
 715 	 49.423638 
 716 	 49.065408 
 717 	 49.082467 
 718 	 49.406579 
 719 	 49.508930 
 720 	 49.304228 
 721 	 49.508930 
 722 	 49.099525 
 723 	 49.082467 
 724 	 49.406579 
 725 	 49.440696 
 726 	 49.116584 
 727 	 49.508930 
 728 	 49.082467 
 729 	 49.099525 
 730 	 49.491872 
 731 	 49.508930 
 732 	 49.133642 
 733 	 49.133642 
 734 	 49.150701 
 735 	 49.099525 
 736 	 49.491872 
 737 	 49.525989 
 738 	 49.423638 
 739 	 49.440696 
 740 	 49.150701 
 741 	 49.491872 
 742 	 49.133642 
 743 	 49.543047 
 744 	 49.457755 
 745 	 49.525989 
 746 	 49.116584 
 747 	 49.116584 
 748 	 49.440696 
 749 	 49.133642 
 750 	 49.133642 
 751 	 49.099525 
 752 	 49.116584 
 753 	 49.491872 
 754 	 49.457755 
 755 	 49.133642 
 756 	 49.116584 
 757 	 49.116584 
 758 	 49.474813 
 759 	 49.457755 
 760 	 49.150701 
 761 	 49.491872 
 762 	 49.116584 
 763 	 49.133642 
 764 	 49.099525 
 765 	 49.065408 
 766 	 49.474813 
 767 	 49.116584 
 768 	 49.031291 
 769 	 49.133642 
 770 	 49.440696 
 771 	 49.116584 
 772 	 49.099525 
 773 	 49.508930 
 774 	 49.099525 
 775 	 49.116584 
 776 	 49.133642 
 777 	 49.440696 
 778 	 49.491872 
 779 	 49.525989 
 780 	 49.116584 
 781 	 49.508930 
 782 	 49.133642 
 783 	 49.457755 
 784 	 49.133642 
 785 	 49.099525 
 786 	 49.116584 
 787 	 49.099525 
 788 	 49.508930 
 789 	 49.133642 
 790 	 49.099525 
 791 	 49.457755 
 792 	 49.133642 
 793 	 49.099525 
 794 	 49.082467 
 795 	 49.423638 
 796 	 49.082467 
 797 	 49.491872 
 798 	 49.082467 
 799 	 49.440696 
 800 	 49.065408 
 801 	 49.099525 
 802 	 49.491872 
 803 	 49.082467 
 804 	 49.457755 
 805 	 49.389520 
 806 	 49.082467 
 807 	 49.116584 
 808 	 49.406579 
 809 	 49.099525 
 810 	 49.423638 
 811 	 49.099525 
 812 	 49.099525 
 813 	 49.440696 
 814 	 49.048349 
 815 	 49.440696 
 816 	 49.065408 
 817 	 49.406579 
 818 	 49.423638 
 819 	 49.133642 
 820 	 49.048349 
 821 	 49.389520 
 822 	 49.048349 
 823 	 49.048349 
 824 	 49.048349 
 825 	 49.065408 
 826 	 49.338345 
 827 	 49.065408 
 828 	 49.065408 
 829 	 49.048349 
 830 	 48.963057 
 831 	 49.423638 
 832 	 49.508930 
 833 	 49.457755 
 834 	 49.389520 
 835 	 49.014232 
 836 	 49.372462 
 837 	 49.014232 
 838 	 49.355403 
 839 	 49.321286 
 840 	 49.406579 
 841 	 48.997174 
 842 	 48.997174 
 843 	 49.014232 
 844 	 49.014232 
 845 	 49.321286 
 846 	 49.031291 
 847 	 49.031291 
 848 	 49.287169 
 849 	 48.980115 
 850 	 48.980115 
 851 	 48.980115 
 852 	 49.270111 
 853 	 48.980115 
 854 	 49.355403 
 855 	 48.963057 
 856 	 49.270111 
 857 	 48.963057 
 858 	 48.945998 
 859 	 48.963057 
 860 	 48.945998 
 861 	 48.894823 
 862 	 49.031291 
 863 	 48.945998 
 864 	 48.945998 
 865 	 49.321286 
 866 	 48.928940 
 867 	 48.928940 
 868 	 48.963057 
 869 	 49.235993 
 870 	 49.287169 
 871 	 49.235993 
 872 	 49.253052 
 873 	 49.218935 
 874 	 48.911881 
 875 	 48.877764 
 876 	 49.253052 
 877 	 48.894823 
 878 	 49.253052 
 879 	 49.440696 
 880 	 48.894823 
 881 	 49.270111 
 882 	 48.860705 
 883 	 49.201876 
 884 	 48.877764 
 885 	 48.860705 
 886 	 48.877764 
 887 	 49.235993 
 888 	 48.860705 
 889 	 48.877764 
 890 	 49.184818 
 891 	 48.843647 
 892 	 48.860705 
 893 	 48.860705 
 894 	 49.184818 
 895 	 49.133642 
 896 	 49.235993 
 897 	 49.167759 
 898 	 48.963057 
 899 	 49.201876 
 900 	 48.860705 
 901 	 49.235993 
 902 	 48.809530 
 903 	 48.843647 
 904 	 48.792471 
 905 	 48.826588 
 906 	 49.116584 
 907 	 48.809530 
 908 	 48.809530 
 909 	 48.809530 
 910 	 48.792471 
 911 	 48.792471 
 912 	 49.218935 
 913 	 48.775413 
 914 	 49.150701 
 915 	 49.116584 
 916 	 48.758354 
 917 	 49.133642 
 918 	 49.184818 
 919 	 49.099525 
 920 	 48.741296 
 921 	 48.758354 
 922 	 48.758354 
 923 	 49.167759 
 924 	 49.167759 
 925 	 49.082467 
 926 	 49.167759 
 927 	 48.741296 
 928 	 49.150701 
 929 	 49.082467 
 930 	 49.065408 
 931 	 49.270111 
 932 	 49.116584 
 933 	 49.201876 
 934 	 48.724237 
 935 	 48.724237 
 936 	 49.065408 
 937 	 48.741296 
 938 	 48.724237 
 939 	 48.707179 
 940 	 48.690120 
 941 	 48.707179 
 942 	 48.690120 
 943 	 48.707179 
 944 	 49.048349 
 945 	 48.673061 
 946 	 49.048349 
 947 	 48.638944 
 948 	 48.673061 
 949 	 48.638944 
 950 	 48.690120 
 951 	 49.031291 
 952 	 49.014232 
 953 	 48.690120 
 954 	 48.673061 
 955 	 49.031291 
 956 	 49.099525 
 957 	 48.673061 
 958 	 48.656003 
 959 	 48.638944 
 960 	 49.048349 
 961 	 48.638944 
 962 	 48.997174 
 963 	 48.945998 
 964 	 48.604827 
 965 	 48.980115 
 966 	 48.963057 
 967 	 48.621886 
 968 	 48.638944 
 969 	 48.638944 
 970 	 48.638944 
 971 	 48.604827 
 972 	 48.656003 
 973 	 48.587769 
 974 	 49.065408 
 975 	 48.911881 
 976 	 48.604827 
 977 	 48.604827 
 978 	 48.963057 
 979 	 48.945998 
 980 	 48.587769 
 981 	 48.980115 
 982 	 48.621886 
 983 	 48.997174 
 984 	 48.570710 
 985 	 48.963057 
 986 	 48.587769 
 987 	 48.587769 
 988 	 48.963057 
 989 	 48.587769 
 990 	 48.553652 
 991 	 48.587769 
 992 	 48.553652 
 993 	 48.945998 
 994 	 48.604827 
 995 	 48.604827 
 996 	 48.963057 
 997 	 48.741296 
 998 	 48.980115 
 999 	 48.553652 
 1000 	 48.928940 
 1001 	 48.570710 
 1002 	 48.536593 
 1003 	 48.536593 
 1004 	 48.553652 
 1005 	 48.553652 
 1006 	 48.911881 
 1007 	 48.911881 
 1008 	 48.570710 
 1009 	 48.519534 
 1010 	 48.928940 
 1011 	 48.553652 
 1012 	 48.928940 
 1013 	 48.911881 
 1014 	 48.894823 
 1015 	 48.587769 
 1016 	 48.536593 
 1017 	 48.877764 
 1018 	 48.553652 
 1019 	 48.536593 
 1020 	 48.877764 
 1021 	 48.553652 
 1022 	 48.860705 
 1023 	 48.536593 
 1024 	 48.945998 
 1025 	 48.945998 
 1026 	 48.536593 
 1027 	 48.963057 
 1028 	 48.536593 
 1029 	 48.502476 
 1030 	 48.451300 
 1031 	 48.519534 
 1032 	 48.928940 
 1033 	 48.502476 
 1034 	 48.928940 
 1035 	 48.536593 
 1036 	 48.877764 
 1037 	 48.519534 
 1038 	 48.945998 
 1039 	 48.894823 
 1040 	 48.536593 
 1041 	 48.519534 
 1042 	 48.536593 
 1043 	 48.519534 
 1044 	 48.928940 
 1045 	 48.809530 
 1046 	 48.468359 
 1047 	 48.519534 
 1048 	 48.536593 
 1049 	 48.928940 
 1050 	 48.519534 
 1051 	 48.587769 
 1052 	 48.877764 
 1053 	 48.553652 
 1054 	 48.553652 
 1055 	 48.536593 
 1056 	 48.945998 
 1057 	 48.928940 
 1058 	 48.536593 
 1059 	 48.519534 
 1060 	 48.843647 
 1061 	 48.894823 
 1062 	 48.945998 
 1063 	 48.945998 
 1064 	 48.536593 
 1065 	 48.911881 
 1066 	 48.536593 
 1067 	 48.553652 
 1068 	 48.553652 
 1069 	 48.928940 
 1070 	 48.553652 
 1071 	 48.536593 
 1072 	 48.536593 
 1073 	 48.860705 
 1074 	 48.963057 
 1075 	 49.048349 
 1076 	 48.536593 
 1077 	 48.809530 
 1078 	 48.980115 
 1079 	 48.536593 
 1080 	 48.519534 
 1081 	 48.894823 
 1082 	 48.536593 
 1083 	 48.570710 
 1084 	 48.553652 
 1085 	 48.536593 
 1086 	 48.553652 
 1087 	 48.536593 
 1088 	 48.553652 
 1089 	 48.980115 
 1090 	 48.587769 
 1091 	 48.587769 
 1092 	 48.570710 
 1093 	 48.877764 
 1094 	 48.587769 
 1095 	 48.553652 
 1096 	 48.587769 
 1097 	 48.553652 
 1098 	 48.911881 
 1099 	 48.570710 
 1100 	 48.945998 
 1101 	 48.587769 
 1102 	 48.604827 
 1103 	 49.048349 
 1104 	 48.963057 
 1105 	 48.877764 
 1106 	 48.604827 
 1107 	 48.587769 
 1108 	 49.014232 
 1109 	 48.997174 
 1110 	 48.638944 
 1111 	 48.570710 
 1112 	 48.604827 
 1113 	 48.621886 
 1114 	 48.963057 
 1115 	 48.604827 
 1116 	 48.945998 
 1117 	 48.604827 
 1118 	 48.604827 
 1119 	 48.587769 
 1120 	 48.604827 
 1121 	 49.031291 
 1122 	 48.621886 
 1123 	 48.656003 
 1124 	 48.621886 
 1125 	 48.638944 
 1126 	 48.656003 
 1127 	 48.638944 
 1128 	 48.621886 
 1129 	 48.928940 
 1130 	 49.048349 
 1131 	 48.621886 
 1132 	 48.997174 
 1133 	 48.673061 
 1134 	 48.656003 
 1135 	 48.638944 
 1136 	 48.963057 
 1137 	 48.587769 
 1138 	 48.673061 
 1139 	 48.997174 
 1140 	 49.133642 
 1141 	 49.014232 
 1142 	 48.690120 
 1143 	 49.082467 
 1144 	 49.065408 
 1145 	 49.048349 
 1146 	 48.690120 
 1147 	 48.690120 
 1148 	 49.048349 
 1149 	 48.690120 
 1150 	 49.099525 
 1151 	 48.724237 
 1152 	 49.048349 
 1153 	 49.082467 
 1154 	 48.707179 
 1155 	 48.741296 
 1156 	 48.724237 
 1157 	 48.724237 
 1158 	 48.758354 
 1159 	 48.758354 
 1160 	 49.116584 
 1161 	 48.741296 
 1162 	 48.758354 
 1163 	 49.065408 
 1164 	 48.758354 
 1165 	 48.775413 
 1166 	 49.116584 
 1167 	 49.167759 
 1168 	 49.150701 
 1169 	 49.167759 
 1170 	 49.201876 
 1171 	 48.809530 
 1172 	 49.184818 
 1173 	 48.758354 
 1174 	 48.775413 
 1175 	 48.809530 
 1176 	 49.150701 
 1177 	 49.167759 
 1178 	 49.184818 
 1179 	 48.792471 
 1180 	 48.792471 
 1181 	 49.082467 
 1182 	 49.133642 
 1183 	 48.792471 
 1184 	 48.792471 
 1185 	 48.809530 
 1186 	 48.894823 
 1187 	 49.201876 
 1188 	 49.218935 
 1189 	 49.150701 
 1190 	 49.235993 
 1191 	 48.826588 
 1192 	 48.860705 
 1193 	 48.826588 
 1194 	 49.201876 
 1195 	 48.860705 
 1196 	 49.150701 
 1197 	 49.218935 
 1198 	 49.184818 
 1199 	 48.860705 
 1200 	 48.860705 
 1201 	 48.860705 
 1202 	 49.201876 
 1203 	 49.201876 
 1204 	 48.877764 
 1205 	 49.338345 
 1206 	 49.235993 
 1207 	 48.911881 
 1208 	 49.235993 
 1209 	 49.270111 
 1210 	 48.894823 
 1211 	 48.894823 
 1212 	 49.270111 
 1213 	 48.911881 
 1214 	 48.928940 
 1215 	 48.945998 
 1216 	 49.253052 
 1217 	 49.321286 
 1218 	 49.287169 
 1219 	 48.911881 
 1220 	 49.338345 
 1221 	 49.338345 
 1222 	 48.980115 
 1223 	 48.980115 
 1224 	 49.355403 
 1225 	 48.963057 
 1226 	 48.963057 
 1227 	 48.963057 
 1228 	 48.945998 
 1229 	 49.338345 
 1230 	 49.338345 
 1231 	 49.014232 
 1232 	 49.321286 
 1233 	 49.406579 
 1234 	 48.980115 
 1235 	 49.440696 
 1236 	 49.014232 
 1237 	 49.014232 
 1238 	 49.031291 
 1239 	 48.997174 
 1240 	 49.014232 
 1241 	 49.014232 
 1242 	 49.355403 
 1243 	 49.048349 
 1244 	 49.355403 
 1245 	 49.048349 
 1246 	 49.389520 
 1247 	 49.048349 
 1248 	 49.031291 
 1249 	 49.423638 
 1250 	 49.031291 
 1251 	 49.440696 
 1252 	 49.355403 
 1253 	 49.355403 
 1254 	 49.048349 
 1255 	 49.048349 
 1256 	 49.406579 
 1257 	 49.065408 
 1258 	 49.082467 
 1259 	 49.372462 
 1260 	 49.065408 
 1261 	 49.389520 
 1262 	 49.048349 
 1263 	 49.423638 
 1264 	 49.082467 
 1265 	 49.474813 
 1266 	 49.474813 
 1267 	 49.457755 
 1268 	 49.474813 
 1269 	 49.423638 
 1270 	 49.525989 
 1271 	 49.099525 
 1272 	 49.082467 
 1273 	 49.560106 
 1274 	 49.457755 
 1275 	 49.133642 
 1276 	 49.440696 
 1277 	 49.491872 
 1278 	 49.150701 
 1279 	 49.133642 
 1280 	 49.133642 
 1281 	 49.167759 
 1282 	 49.508930 
 1283 	 49.133642 
 1284 	 49.508930 
 1285 	 49.150701 
 1286 	 49.457755 
 1287 	 49.560106 
 1288 	 49.150701 
 1289 	 49.133642 
 1290 	 49.525989 
 1291 	 49.167759 
 1292 	 49.491872 
 1293 	 49.150701 
 1294 	 49.167759 
 1295 	 49.167759 
 1296 	 49.184818 
 1297 	 49.167759 
 1298 	 49.184818 
 1299 	 49.184818 
 1300 	 49.184818 
 1301 	 49.167759 
 1302 	 49.201876 
 1303 	 49.201876 
 1304 	 49.525989 
 1305 	 49.218935 
 1306 	 49.508930 
 1307 	 49.184818 
 1308 	 49.543047 
 1309 	 49.201876 
 1310 	 49.543047 
 1311 	 49.184818 
 1312 	 49.611282 
 1313 	 49.218935 
 1314 	 49.184818 
 1315 	 49.594223 
 1316 	 49.525989 
 1317 	 49.543047 
 1318 	 49.611282 
 1319 	 49.201876 
 1320 	 49.235993 
 1321 	 49.611282 
 1322 	 49.611282 
 1323 	 49.201876 
 1324 	 49.235993 
 1325 	 49.594223 
 1326 	 49.235993 
 1327 	 49.645399 
 1328 	 49.645399 
 1329 	 49.218935 
 1330 	 49.611282 
 1331 	 49.560106 
 1332 	 49.218935 
 1333 	 49.218935 
 1334 	 49.270111 
 1335 	 49.628340 
 1336 	 49.270111 
 1337 	 49.253052 
 1338 	 49.611282 
 1339 	 49.628340 
 1340 	 49.253052 
 1341 	 49.184818 
 1342 	 49.628340 
 1343 	 49.594223 
 1344 	 49.662457 
 1345 	 49.662457 
 1346 	 49.662457 
 1347 	 49.253052 
 1348 	 49.235993 
 1349 	 49.594223 
 1350 	 49.713633 
 1351 	 49.270111 
 1352 	 49.270111 
 1353 	 49.253052 
 1354 	 49.611282 
 1355 	 49.235993 
 1356 	 49.594223 
 1357 	 49.253052 
 1358 	 49.270111 
 1359 	 49.253052 
 1360 	 49.253052 
 1361 	 49.577164 
 1362 	 49.235993 
 1363 	 49.611282 
 1364 	 49.235993 
 1365 	 49.628340 
 1366 	 49.338345 
 1367 	 49.253052 
 1368 	 49.167759 
 1369 	 49.781867 
 1370 	 49.611282 
 1371 	 49.235993 
 1372 	 49.253052 
 1373 	 49.270111 
 1374 	 49.235993 
 1375 	 49.270111 
 1376 	 49.253052 
 1377 	 49.270111 
 1378 	 49.645399 
 1379 	 49.253052 
 1380 	 49.218935 
 1381 	 49.270111 
 1382 	 49.628340 
 1383 	 49.253052 
 1384 	 49.235993 
 1385 	 49.577164 
 1386 	 49.218935 
 1387 	 49.218935 
 1388 	 49.253052 
 1389 	 49.235993 
 1390 	 49.679516 
 1391 	 49.235993 
 1392 	 49.218935 
 1393 	 49.235993 
 1394 	 49.594223 
 1395 	 49.253052 
 1396 	 49.628340 
 1397 	 49.235993 
 1398 	 49.577164 
 1399 	 49.628340 
 1400 	 49.270111 
 1401 	 49.184818 
 1402 	 49.235993 
 1403 	 49.508930 
 1404 	 49.218935 
 1405 	 49.611282 
 1406 	 49.218935 
 1407 	 49.577164 
 1408 	 49.645399 
 1409 	 49.577164 
 1410 	 49.218935 
 1411 	 49.218935 
 1412 	 49.218935 
 1413 	 49.201876 
 1414 	 49.525989 
 1415 	 49.201876 
 1416 	 49.218935 
 1417 	 49.218935 
 1418 	 49.167759 
 1419 	 49.577164 
 1420 	 49.201876 
 1421 	 49.184818 
 1422 	 49.184818 
 1423 	 49.491872 
 1424 	 49.560106 
 1425 	 49.560106 
 1426 	 49.577164 
 1427 	 49.543047 
 1428 	 49.474813 
 1429 	 49.167759 
 1430 	 49.594223 
 1431 	 49.167759 
 1432 	 49.457755 
 1433 	 49.150701 
 1434 	 49.577164 
 1435 	 49.508930 
 1436 	 49.508930 
 1437 	 49.167759 
 1438 	 49.560106 
 1439 	 49.116584 
 1440 	 49.491872 
 1441 	 49.150701 
 1442 	 49.423638 
 1443 	 49.474813 
 1444 	 49.543047 
 1445 	 49.508930 
 1446 	 49.116584 
 1447 	 49.525989 
 1448 	 49.150701 
 1449 	 49.133642 
 1450 	 49.679516 
 1451 	 49.491872 
 1452 	 49.099525 
 1453 	 49.116584 
 1454 	 49.457755 
 1455 	 49.133642 
 1456 	 49.457755 
 1457 	 49.116584 
 1458 	 49.491872 
 1459 	 49.082467 
 1460 	 49.508930 
 1461 	 49.406579 
 1462 	 49.099525 
 1463 	 49.116584 
 1464 	 49.116584 
 1465 	 49.065408 
 1466 	 49.082467 
 1467 	 49.116584 
 1468 	 49.082467 
 1469 	 49.082467 
 1470 	 49.440696 
 1471 	 49.065408 
 1472 	 49.099525 
 1473 	 49.048349 
 1474 	 49.014232 
 1475 	 49.065408 
 1476 	 49.031291 
 1477 	 49.048349 
 1478 	 49.065408 
 1479 	 49.048349 
 1480 	 49.440696 
 1481 	 49.014232 
 1482 	 49.031291 
 1483 	 49.014232 
 1484 	 49.031291 
 1485 	 49.031291 
 1486 	 49.406579 
 1487 	 49.406579 
 1488 	 49.014232 
 1489 	 49.423638 
 1490 	 49.338345 
 1491 	 49.014232 
 1492 	 49.014232 
 1493 	 49.014232 
 1494 	 49.014232 
 1495 	 49.338345 
 1496 	 49.372462 
 1497 	 48.945998 
 1498 	 49.270111 
 1499 	 49.338345 
 1500 	 49.287169 
 1501 	 49.014232 
 1502 	 49.321286 
 1503 	 49.389520 
 1504 	 49.287169 
 1505 	 48.963057 
 1506 	 48.980115 
 1507 	 48.945998 
 1508 	 48.963057 
 1509 	 48.963057 
 1510 	 48.945998 
 1511 	 49.270111 
 1512 	 48.945998 
 1513 	 48.945998 
 1514 	 49.287169 
 1515 	 49.253052 
 1516 	 48.928940 
 1517 	 49.321286 
 1518 	 48.963057 
 1519 	 48.928940 
 1520 	 49.270111 
 1521 	 48.894823 
 1522 	 49.253052 
 1523 	 48.911881 
 1524 	 48.894823 
 1525 	 48.911881 
 1526 	 49.253052 
 1527 	 49.304228 
 1528 	 48.911881 
 1529 	 48.894823 
 1530 	 49.304228 
 1531 	 49.304228 
 1532 	 49.253052 
 1533 	 48.894823 
 1534 	 48.877764 
 1535 	 49.235993 
 1536 	 49.201876 
 1537 	 48.877764 
 1538 	 49.218935 
 1539 	 49.184818 
 1540 	 48.877764 
 1541 	 49.253052 
 1542 	 48.877764 
 1543 	 48.860705 
 1544 	 49.235993 
 1545 	 49.184818 
 1546 	 48.860705 
 1547 	 49.235993 
 1548 	 48.860705 
 1549 	 49.167759 
 1550 	 48.860705 
 1551 	 49.235993 
 1552 	 49.218935 
 1553 	 49.218935 
 1554 	 49.218935 
 1555 	 49.167759 
 1556 	 48.809530 
 1557 	 49.201876 
 1558 	 48.843647 
 1559 	 48.792471 
 1560 	 49.201876 
 1561 	 48.843647 
 1562 	 48.809530 
 1563 	 48.809530 
 1564 	 49.167759 
 1565 	 49.167759 
 1566 	 49.201876 
 1567 	 48.775413 
 1568 	 48.792471 
 1569 	 48.809530 
 1570 	 48.792471 
 1571 	 48.826588 
 1572 	 48.792471 
 1573 	 49.099525 
 1574 	 49.167759 
 1575 	 48.775413 
 1576 	 49.133642 
 1577 	 48.758354 
 1578 	 48.758354 
 1579 	 48.775413 
 1580 	 49.116584 
 1581 	 48.758354 
 1582 	 49.116584 
 1583 	 49.082467 
 1584 	 48.758354 
 1585 	 49.150701 
 1586 	 48.758354 
 1587 	 49.099525 
 1588 	 48.775413 
 1589 	 48.741296 
 1590 	 49.150701 
 1591 	 48.758354 
 1592 	 49.048349 
 1593 	 48.775413 
 1594 	 48.724237 
 1595 	 48.775413 
 1596 	 48.758354 
 1597 	 48.724237 
 1598 	 49.065408 
 1599 	 49.082467 
 1600 	 48.724237 
 1601 	 48.741296 
 1602 	 49.065408 
 1603 	 49.150701 
 1604 	 48.758354 
 1605 	 49.048349 
 1606 	 48.741296 
 1607 	 49.082467 
 1608 	 48.724237 
 1609 	 48.775413 
 1610 	 48.707179 
 1611 	 48.997174 
 1612 	 49.048349 
 1613 	 48.758354 
 1614 	 49.048349 
 1615 	 48.758354 
 1616 	 48.741296 
 1617 	 48.741296 
 1618 	 49.133642 
 1619 	 49.065408 
 1620 	 48.741296 
 1621 	 48.724237 
 1622 	 49.150701 
 1623 	 49.082467 
 1624 	 49.065408 
 1625 	 49.014232 
 1626 	 48.707179 
 1627 	 49.116584 
 1628 	 48.741296 
 1629 	 48.707179 
 1630 	 49.133642 
 1631 	 49.150701 
 1632 	 48.741296 
 1633 	 48.724237 
 1634 	 49.133642 
 1635 	 49.082467 
 1636 	 48.741296 
 1637 	 48.724237 
 1638 	 48.724237 
 1639 	 48.724237 
 1640 	 48.741296 
 1641 	 48.707179 
 1642 	 49.065408 
 1643 	 48.741296 
 1644 	 49.133642 
 1645 	 49.218935 
 1646 	 48.758354 
 1647 	 49.048349 
 1648 	 49.116584 
 1649 	 48.741296 
 1650 	 49.133642 
 1651 	 49.099525 
 1652 	 49.082467 
 1653 	 48.758354 
 1654 	 49.082467 
 1655 	 49.065408 
 1656 	 48.758354 
 1657 	 48.724237 
 1658 	 48.741296 
 1659 	 49.099525 
 1660 	 48.963057 
 1661 	 48.724237 
 1662 	 48.741296 
 1663 	 49.065408 
 1664 	 49.150701 
 1665 	 49.099525 
 1666 	 49.167759 
 1667 	 49.048349 
 1668 	 48.758354 
 1669 	 48.741296 
 1670 	 48.741296 
 1671 	 49.133642 
 1672 	 49.133642 
 1673 	 48.741296 
 1674 	 49.133642 
 1675 	 49.065408 
 1676 	 49.201876 
 1677 	 48.758354 
 1678 	 48.758354 
 1679 	 49.133642 
 1680 	 48.758354 
 1681 	 48.758354 
 1682 	 49.150701 
 1683 	 48.775413 
 1684 	 49.082467 
 1685 	 48.792471 
 1686 	 49.167759 
 1687 	 48.775413 
 1688 	 48.792471 
 1689 	 49.253052 
 1690 	 49.116584 
 1691 	 48.792471 
 1692 	 48.792471 
 1693 	 49.167759 
 1694 	 48.792471 
 1695 	 49.184818 
 1696 	 48.792471 
 1697 	 48.792471 
 1698 	 48.792471 
 1699 	 48.775413 
 1700 	 49.167759 
 1701 	 48.809530 
 1702 	 48.826588 
 1703 	 48.809530 
 1704 	 48.826588 
 1705 	 48.843647 
 1706 	 49.235993 
 1707 	 48.809530 
 1708 	 48.826588 
 1709 	 49.235993 
 1710 	 48.809530 
 1711 	 48.826588 
 1712 	 48.809530 
 1713 	 49.167759 
 1714 	 49.167759 
 1715 	 49.133642 
 1716 	 49.082467 
 1717 	 48.860705 
 1718 	 49.218935 
 1719 	 48.860705 
 1720 	 49.218935 
 1721 	 48.860705 
 1722 	 48.860705 
 1723 	 48.843647 
 1724 	 48.894823 
 1725 	 48.860705 
 1726 	 49.184818 
 1727 	 49.235993 
 1728 	 48.877764 
 1729 	 48.877764 
 1730 	 49.253052 
 1731 	 49.270111 
 1732 	 48.894823 
 1733 	 49.304228 
 1734 	 48.928940 
 1735 	 48.877764 
 1736 	 48.928940 
 1737 	 48.928940 
 1738 	 49.201876 
 1739 	 49.201876 
 1740 	 49.287169 
 1741 	 49.218935 
 1742 	 48.928940 
 1743 	 48.945998 
 1744 	 48.945998 
 1745 	 48.945998 
 1746 	 49.321286 
 1747 	 49.218935 
 1748 	 48.928940 
 1749 	 48.945998 
 1750 	 48.980115 
 1751 	 49.406579 
 1752 	 49.304228 
 1753 	 48.963057 
 1754 	 49.372462 
 1755 	 49.287169 
 1756 	 48.963057 
 1757 	 49.389520 
 1758 	 49.372462 
 1759 	 48.997174 
 1760 	 48.980115 
 1761 	 48.980115 
 1762 	 48.980115 
 1763 	 48.980115 
 1764 	 49.389520 
 1765 	 49.355403 
 1766 	 49.321286 
 1767 	 49.014232 
 1768 	 49.423638 
 1769 	 49.014232 
 1770 	 49.389520 
 1771 	 49.014232 
 1772 	 48.928940 
 1773 	 49.031291 
 1774 	 49.031291 
 1775 	 49.423638 
 1776 	 49.031291 
 1777 	 49.065408 
 1778 	 49.440696 
 1779 	 49.048349 
 1780 	 49.440696 
 1781 	 49.065408 
 1782 	 49.440696 
 1783 	 49.099525 
 1784 	 49.065408 
 1785 	 49.474813 
 1786 	 49.082467 
 1787 	 49.389520 
 1788 	 49.082467 
 1789 	 49.116584 
 1790 	 49.082467 
 1791 	 49.133642 
 1792 	 49.116584 
 1793 	 49.440696 
 1794 	 49.440696 
 1795 	 49.116584 
 1796 	 49.508930 
 1797 	 49.099525 
 1798 	 49.457755 
 1799 	 49.150701 
 1800 	 49.116584 
 1801 	 49.133642 
 1802 	 49.474813 
 1803 	 49.150701 
 1804 	 49.167759 
 1805 	 49.508930 
 1806 	 49.440696 
 1807 	 49.150701 
 1808 	 49.150701 
 1809 	 49.150701 
 1810 	 49.082467 
 1811 	 49.167759 
 1812 	 49.594223 
 1813 	 49.577164 
 1814 	 49.167759 
 1815 	 49.150701 
 1816 	 49.525989 
 1817 	 49.508930 
 1818 	 49.167759 
 1819 	 49.184818 
 1820 	 49.543047 
 1821 	 49.218935 
 1822 	 49.201876 
 1823 	 49.201876 
 1824 	 49.218935 
 1825 	 49.594223 
 1826 	 49.594223 
 1827 	 49.235993 
 1828 	 49.235993 
 1829 	 49.235993 
 1830 	 49.594223 
 1831 	 49.679516 
 1832 	 49.235993 
 1833 	 49.253052 
 1834 	 49.218935 
 1835 	 49.287169 
 1836 	 49.253052 
 1837 	 49.253052 
 1838 	 49.577164 
 1839 	 49.679516 
 1840 	 49.270111 
 1841 	 49.679516 
 1842 	 49.287169 
 1843 	 49.287169 
 1844 	 49.304228 
 1845 	 49.270111 
 1846 	 49.713633 
 1847 	 49.696574 
 1848 	 49.645399 
 1849 	 49.270111 
 1850 	 49.713633 
 1851 	 49.696574 
 1852 	 49.304228 
 1853 	 49.798926 
 1854 	 49.321286 
 1855 	 49.338345 
 1856 	 49.730691 
 1857 	 49.679516 
 1858 	 49.338345 
 1859 	 49.355403 
 1860 	 49.355403 
 1861 	 49.338345 
 1862 	 49.764809 
 1863 	 49.338345 
 1864 	 49.764809 
 1865 	 49.764809 
 1866 	 49.338345 
 1867 	 49.355403 
 1868 	 49.372462 
 1869 	 49.372462 
 1870 	 49.372462 
 1871 	 49.918335 
 1872 	 49.679516 
 1873 	 49.730691 
 1874 	 49.406579 
 1875 	 49.747750 
 1876 	 49.372462 
 1877 	 49.781867 
 1878 	 49.406579 
 1879 	 49.679516 
 1880 	 49.389520 
 1881 	 49.389520 
 1882 	 49.747750 
 1883 	 49.713633 
 1884 	 49.730691 
 1885 	 49.389520 
 1886 	 49.406579 
 1887 	 49.389520 
 1888 	 49.406579 
 1889 	 49.440696 
 1890 	 49.423638 
 1891 	 49.406579 
 1892 	 49.440696 
 1893 	 49.764809 
 1894 	 49.815984 
 1895 	 49.781867 
 1896 	 49.440696 
 1897 	 49.815984 
 1898 	 49.440696 
 1899 	 49.474813 
 1900 	 49.440696 
 1901 	 49.867160 
 1902 	 49.440696 
 1903 	 49.457755 
 1904 	 49.474813 
 1905 	 49.440696 
 1906 	 49.474813 
 1907 	 49.474813 
 1908 	 49.474813 
 1909 	 49.798926 
 1910 	 50.003628 
 1911 	 49.815984 
 1912 	 49.850101 
 1913 	 49.474813 
 1914 	 49.867160 
 1915 	 49.867160 
 1916 	 49.764809 
 1917 	 49.474813 
 1918 	 49.850101 
 1919 	 49.884218 
 1920 	 49.474813 
 1921 	 49.867160 
 1922 	 49.457755 
 1923 	 49.508930 
 1924 	 49.491872 
 1925 	 49.474813 
 1926 	 49.747750 
 1927 	 49.508930 
 1928 	 49.850101 
 1929 	 49.457755 
 1930 	 49.525989 
 1931 	 49.474813 
 1932 	 49.798926 
 1933 	 49.491872 
 1934 	 49.884218 
 1935 	 49.491872 
 1936 	 49.764809 
 1937 	 49.867160 
 1938 	 49.952453 
 1939 	 49.798926 
 1940 	 49.508930 
 1941 	 49.901277 
 1942 	 49.969511 
 1943 	 49.867160 
 1944 	 49.474813 
 1945 	 49.833043 
 1946 	 49.508930 
 1947 	 49.798926 
 1948 	 49.798926 
 1949 	 49.491872 
 1950 	 49.850101 
 1951 	 49.815984 
 1952 	 49.781867 
 1953 	 49.867160 
 1954 	 49.798926 
 1955 	 49.833043 
 1956 	 49.491872 
 1957 	 49.508930 
 1958 	 49.833043 
 1959 	 49.815984 
 1960 	 49.508930 
 1961 	 49.474813 
 1962 	 49.491872 
 1963 	 49.815984 
 1964 	 49.491872 
 1965 	 49.474813 
 1966 	 49.850101 
 1967 	 49.491872 
 1968 	 49.884218 
 1969 	 49.798926 
 1970 	 49.850101 
 1971 	 49.798926 
 1972 	 49.491872 
 1973 	 49.491872 
 1974 	 49.491872 
 1975 	 49.491872 
 1976 	 49.543047 
 1977 	 49.508930 
 1978 	 49.491872 
 1979 	 49.901277 
 1980 	 49.508930 
 1981 	 49.491872 
 1982 	 49.884218 
 1983 	 49.850101 
 1984 	 49.491872 
 1985 	 49.474813 
 1986 	 49.815984 
 1987 	 49.867160 
 1988 	 49.867160 
 1989 	 49.491872 
 1990 	 49.457755 
 1991 	 49.815984 
 1992 	 49.884218 
 1993 	 49.474813 
 1994 	 49.867160 
 1995 	 49.850101 
 1996 	 49.474813 
 1997 	 49.815984 
 1998 	 49.457755 
 1999 	 49.491872 
 2000 	 49.474813 
 2001 	 49.474813 
 2002 	 49.798926 
 2003 	 49.423638 
 2004 	 49.781867 
 2005 	 49.440696 
 2006 	 49.867160 
 2007 	 49.457755 
 2008 	 49.815984 
 2009 	 49.730691 
 2010 	 49.815984 
 2011 	 49.457755 
 2012 	 49.440696 
 2013 	 49.798926 
 2014 	 49.867160 
 2015 	 49.781867 
 2016 	 49.372462 
 2017 	 49.457755 
 2018 	 49.815984 
 2019 	 49.372462 
 2020 	 49.423638 
 2021 	 49.406579 
 2022 	 49.815984 
 2023 	 49.389520 
 2024 	 49.423638 
 2025 	 49.423638 
 2026 	 49.764809 
 2027 	 49.781867 
 2028 	 49.389520 
 2029 	 49.781867 
 2030 	 49.423638 
 2031 	 49.372462 
 2032 	 49.406579 
 2033 	 49.730691 
 2034 	 49.372462 
 2035 	 49.798926 
 2036 	 49.406579 
 2037 	 49.781867 
 2038 	 49.389520 
 2039 	 49.372462 
 2040 	 49.730691 
 2041 	 49.355403 
 2042 	 49.355403 
 2043 	 49.679516 
 2044 	 49.355403 
 2045 	 49.713633 
 2046 	 49.338345 
 2047 	 49.372462 
 2048 	 49.338345 
 2049 	 49.372462 
 2050 	 49.662457 
 2051 	 49.355403 
 2052 	 49.338345 
 2053 	 49.372462 
 2054 	 49.747750 
 2055 	 49.662457 
 2056 	 49.355403 
 2057 	 49.287169 
 2058 	 49.611282 
 2059 	 49.304228 
 2060 	 49.679516 
 2061 	 49.304228 
 2062 	 49.321286 
 2063 	 49.730691 
 2064 	 49.304228 
 2065 	 49.321286 
 2066 	 49.713633 
 2067 	 49.713633 
 2068 	 49.304228 
 2069 	 49.304228 
 2070 	 49.662457 
 2071 	 49.218935 
 2072 	 49.270111 
 2073 	 49.679516 
 2074 	 49.270111 
 2075 	 49.270111 
 2076 	 49.645399 
 2077 	 49.253052 
 2078 	 49.577164 
 2079 	 49.662457 
 2080 	 49.577164 
 2081 	 49.270111 
 2082 	 49.253052 
 2083 	 49.235993 
 2084 	 49.253052 
 2085 	 49.218935 
 2086 	 49.218935 
 2087 	 49.235993 
 2088 	 49.645399 
 2089 	 49.594223 
 2090 	 49.560106 
 2091 	 49.235993 
 2092 	 49.577164 
 2093 	 49.201876 
 2094 	 49.645399 
 2095 	 49.560106 
 2096 	 49.201876 
 2097 	 49.525989 
 2098 	 49.218935 
 2099 	 49.167759 
 2100 	 49.577164 
 2101 	 49.167759 
 2102 	 49.525989 
 2103 	 49.577164 
 2104 	 49.150701 
 2105 	 49.167759 
 2106 	 49.577164 
 2107 	 49.611282 
 2108 	 49.525989 
 2109 	 49.560106 
 2110 	 49.508930 
 2111 	 49.167759 
 2112 	 49.167759 
 2113 	 49.167759 
 2114 	 49.167759 
 2115 	 49.133642 
 2116 	 49.491872 
 2117 	 49.099525 
 2118 	 49.491872 
 2119 	 49.150701 
 2120 	 49.474813 
 2121 	 49.133642 
 2122 	 49.508930 
 2123 	 49.133642 
 2124 	 49.099525 
 2125 	 49.116584 
 2126 	 49.508930 
 2127 	 49.543047 
 2128 	 49.065408 
 2129 	 49.457755 
 2130 	 49.116584 
 2131 	 49.406579 
 2132 	 49.508930 
 2133 	 49.099525 
 2134 	 49.457755 
 2135 	 49.099525 
 2136 	 49.474813 
 2137 	 49.457755 
 2138 	 49.065408 
 2139 	 49.423638 
 2140 	 49.082467 
 2141 	 49.082467 
 2142 	 49.065408 
 2143 	 49.048349 
 2144 	 49.065408 
 2145 	 49.372462 
 2146 	 49.065408 
 2147 	 49.065408 
 2148 	 49.406579 
 2149 	 49.389520 
 2150 	 49.389520 
 2151 	 49.048349 
 2152 	 49.014232 
 2153 	 49.014232 
 2154 	 49.014232 
 2155 	 49.406579 
 2156 	 49.014232 
 2157 	 49.014232 
 2158 	 49.014232 
 2159 	 49.372462 
 2160 	 49.355403 
 2161 	 49.389520 
 2162 	 48.980115 
 2163 	 49.304228 
 2164 	 49.406579 
 2165 	 48.997174 
 2166 	 48.980115 
 2167 	 49.355403 
 2168 	 49.372462 
 2169 	 49.355403 
 2170 	 48.997174 
 2171 	 49.389520 
 2172 	 49.304228 
 2173 	 49.304228 
 2174 	 48.980115 
 2175 	 49.423638 
 2176 	 49.372462 
 2177 	 49.355403 
 2178 	 49.270111 
 2179 	 48.963057 
 2180 	 48.980115 
 2181 	 48.980115 
 2182 	 49.321286 
 2183 	 48.963057 
 2184 	 49.270111 
 2185 	 49.304228 
 2186 	 48.945998 
 2187 	 48.928940 
 2188 	 49.270111 
 2189 	 48.963057 
 2190 	 49.338345 
 2191 	 48.963057 
 2192 	 49.235993 
 2193 	 48.945998 
 2194 	 49.253052 
 2195 	 48.928940 
 2196 	 49.304228 
 2197 	 49.270111 
 2198 	 49.321286 
 2199 	 48.945998 
 2200 	 49.270111 
 2201 	 48.945998 
 2202 	 49.338345 
 2203 	 48.911881 
 2204 	 49.253052 
 2205 	 48.911881 
 2206 	 48.945998 
 2207 	 48.894823 
 2208 	 49.235993 
 2209 	 48.928940 
 2210 	 48.928940 
 2211 	 49.304228 
 2212 	 49.270111 
 2213 	 49.321286 
 2214 	 49.235993 
 2215 	 49.287169 
 2216 	 48.945998 
 2217 	 48.911881 
 2218 	 48.894823 
 2219 	 48.928940 
 2220 	 48.911881 
 2221 	 48.911881 
 2222 	 48.945998 
 2223 	 49.235993 
 2224 	 48.911881 
 2225 	 49.218935 
 2226 	 48.911881 
 2227 	 49.304228 
 2228 	 48.928940 
 2229 	 49.270111 
 2230 	 48.911881 
 2231 	 49.253052 
 2232 	 48.928940 
 2233 	 48.911881 
 2234 	 48.928940 
 2235 	 48.928940 
 2236 	 49.304228 
 2237 	 49.321286 
 2238 	 48.911881 
 2239 	 48.911881 
 2240 	 48.877764 
 2241 	 48.860705 
 2242 	 48.894823 
 2243 	 48.911881 
 2244 	 49.287169 
 2245 	 49.235993 
 2246 	 48.894823 
 2247 	 49.270111 
 2248 	 49.253052 
 2249 	 48.911881 
 2250 	 49.287169 
 2251 	 49.184818 
 2252 	 49.287169 
 2253 	 48.911881 
 2254 	 48.894823 
 2255 	 48.911881 
 2256 	 48.911881 
 2257 	 49.253052 
 2258 	 49.287169 
 2259 	 48.911881 
 2260 	 48.911881 
 2261 	 49.304228 
 2262 	 48.928940 
 2263 	 49.235993 
 2264 	 49.253052 
 2265 	 48.928940 
 2266 	 49.201876 
 2267 	 48.911881 
 2268 	 49.287169 
 2269 	 49.304228 
 2270 	 48.911881 
 2271 	 49.270111 
 2272 	 49.304228 
 2273 	 49.235993 
 2274 	 49.321286 
 2275 	 48.928940 
 2276 	 49.201876 
 2277 	 49.270111 
 2278 	 49.321286 
 2279 	 49.270111 
 2280 	 48.911881 
 2281 	 48.911881 
 2282 	 48.928940 
 2283 	 48.928940 
 2284 	 49.235993 
 2285 	 48.911881 
 2286 	 48.911881 
 2287 	 48.911881 
 2288 	 49.321286 
 2289 	 49.235993 
 2290 	 48.928940 
 2291 	 48.928940 
 2292 	 49.235993 
 2293 	 49.355403 
 2294 	 48.945998 
 2295 	 48.945998 
 2296 	 48.980115 
 2297 	 48.945998 
 2298 	 49.338345 
 2299 	 48.928940 
 2300 	 48.963057 
 2301 	 48.945998 
 2302 	 48.945998 
 2303 	 49.338345 
 2304 	 48.928940 
 2305 	 49.235993 
 2306 	 48.945998 
 2307 	 48.980115 
 2308 	 49.270111 
 2309 	 48.945998 
 2310 	 48.997174 
 2311 	 48.963057 
 2312 	 49.355403 
 2313 	 49.270111 
 2314 	 48.997174 
 2315 	 48.997174 
 2316 	 49.014232 
 2317 	 48.963057 
 2318 	 49.389520 
 2319 	 48.997174 
 2320 	 48.980115 
 2321 	 49.372462 
 2322 	 49.338345 
 2323 	 49.321286 
 2324 	 49.372462 
 2325 	 49.355403 
 2326 	 49.014232 
 2327 	 49.338345 
 2328 	 48.997174 
 2329 	 48.997174 
 2330 	 49.031291 
 2331 	 49.031291 
 2332 	 49.577164 
 2333 	 49.338345 
 2334 	 49.338345 
 2335 	 49.389520 
 2336 	 49.048349 
 2337 	 49.031291 
 2338 	 49.372462 
 2339 	 49.031291 
 2340 	 49.031291 
 2341 	 49.031291 
 2342 	 49.065408 
 2343 	 49.457755 
 2344 	 49.065408 
 2345 	 49.440696 
 2346 	 49.065408 
 2347 	 49.406579 
 2348 	 49.406579 
 2349 	 49.099525 
 2350 	 49.082467 
 2351 	 49.099525 
 2352 	 49.406579 
 2353 	 49.406579 
 2354 	 49.491872 
 2355 	 49.491872 
 2356 	 49.082467 
 2357 	 49.406579 
 2358 	 49.133642 
 2359 	 49.474813 
 2360 	 49.133642 
 2361 	 49.133642 
 2362 	 49.457755 
 2363 	 49.116584 
 2364 	 49.099525 
 2365 	 49.133642 
 2366 	 49.116584 
 2367 	 49.474813 
 2368 	 49.133642 
 2369 	 49.133642 
 2370 	 49.116584 
 2371 	 49.508930 
 2372 	 49.457755 
 2373 	 49.713633 
 2374 	 49.560106 
 2375 	 49.150701 
 2376 	 49.525989 
 2377 	 49.184818 
 2378 	 49.150701 
 2379 	 49.184818 
 2380 	 49.577164 
 2381 	 49.525989 
 2382 	 49.167759 
 2383 	 49.508930 
 2384 	 49.628340 
 2385 	 49.560106 
 2386 	 49.543047 
 2387 	 49.611282 
 2388 	 49.218935 
 2389 	 49.218935 
 2390 	 49.594223 
 2391 	 49.594223 
 2392 	 49.235993 
 2393 	 49.577164 
 2394 	 49.235993 
 2395 	 49.201876 
 2396 	 49.253052 
 2397 	 49.253052 
 2398 	 49.645399 
 2399 	 49.253052 